[brakes]
BRAKE_LOCK = [ 1.000000, 3.600000 ]
BRAKES = [ 300.000000, 500.000000 ]
EBRAKE = 800.000000

[chassis]
AERO_CG = 47.000000
AERO_COEFFICIENT = 0.255000
DRAG_COEFFICIENT = 0.340000
FRONT_AXLE = 1.130000
FRONT_WEIGHT_BIAS = 54.000000
RENDER_MOTION = 1.000000
RIDE_HEIGHT = [ 8.500000, 8.500000 ]
ROLL_CENTER = 9.000000
SHOCK_BLOWOUT = 8.000000
SHOCK_DIGRESSION = [ 0.300000, 0.300000 ]
SHOCK_EXT_STIFFNESS = [ 80.000000, 80.000000 ]
SHOCK_STIFFNESS = [ 65.000000, 60.000000 ]
SHOCK_VALVING = [ 24.000000, 24.000000 ]
SPRING_PROGRESSION = [ 9.000000, 9.000000 ]
SPRING_STIFFNESS = [ 430.000000, 420.000000 ]
SWAYBAR_STIFFNESS = [ 300.000000, 320.000000 ]
TRACK_WIDTH = [ 1.485000, 1.520000 ]
TRAVEL = [ 6.500000, 6.500000 ]
WHEEL_BASE = 2.355000

[tires]
DYNAMIC_GRIP = [ 1.850000, 1.850000 ]
GRIP_SCALE = [ 1.000000, 1.000000 ]
SECTION_WIDTH = [ 315.000000, 315.000000 ]
STATIC_GRIP = [ 2.075000, 2.100000 ]
STEERING = 1.000000
YAW_CONTROL = [ 0.100000, 0.500000, 0.800000, 1.000000 ]
YAW_SPEED = 0.400000

[transmission]
DIFFERENTIAL = [ 0.700000, 0.700000, 0.000000 ]
TORQUE_SPLIT = 0.000000