[brakes]
BRAKE_LOCK = [ 1.000000, 3.600000 ]
BRAKES = [ 450.000000, 675.000000 ]
EBRAKE = 900.000000

[chassis]
AERO_CG = 46.250000
AERO_COEFFICIENT = 0.265000
DRAG_COEFFICIENT = 0.360000
FRONT_WEIGHT_BIAS = 53.500000
RENDER_MOTION = 0.500000
RIDE_HEIGHT = [ 8.500000, 8.500000 ]
ROLL_CENTER = 9.000000
SHOCK_BLOWOUT = 6.000000
SHOCK_DIGRESSION = [ 0.100000, 0.100000 ]
SHOCK_EXT_STIFFNESS = [ 75.000000, 75.000000 ]
SHOCK_STIFFNESS = [ 65.000000, 60.000000 ]
SHOCK_VALVING = [ 20.000000, 20.000000 ]
SPRING_PROGRESSION = [ 7.000000, 7.000000 ]
SPRING_STIFFNESS = [ 700.000000, 600.000000 ]
SWAYBAR_STIFFNESS = [ 300.000000, 275.000000 ]
TRAVEL = [ 6.250000, 6.250000 ]

[tires]
DYNAMIC_GRIP = [ 1.900000, 2.100000 ]
GRIP_SCALE = [ 1.125000, 1.200000 ]
STATIC_GRIP = [ 2.100000, 2.300000 ]
STEERING = 1.000000
YAW_CONTROL = [ 0.200000, 0.650000, 0.800000, 1.200000 ]
YAW_SPEED = 0.700000

[transmission]
DIFFERENTIAL = [ 0.800000, 0.800000, 0.800000 ]
TORQUE_SPLIT = 0.500000

[pvehicle]
TENSOR_SCALE = [ 1.000000, 3.100000, 1.000000 ]