[brakes]
BRAKE_LOCK = [ 1.000000, 3.500000 ]
BRAKES = [ 300.000000, 550.000000 ]
EBRAKE = 650.000000

[chassis]
AERO_CG = 46.500000
AERO_COEFFICIENT = 0.210000
DRAG_COEFFICIENT = 0.350000
FRONT_WEIGHT_BIAS = 53.000000
RENDER_MOTION = 1.000000
RIDE_HEIGHT = [ 8.500000, 8.500000 ]
ROLL_CENTER = 9.000000
SHOCK_BLOWOUT = 6.000000
SHOCK_DIGRESSION = [ 0.220000, 0.220000 ]
SHOCK_EXT_STIFFNESS = [ 60.000000, 58.000000 ]
SHOCK_STIFFNESS = [ 45.000000, 45.000000 ]
SHOCK_VALVING = [ 18.000000, 18.000000 ]
SPRING_PROGRESSION = [ 6.000000, 6.000000 ]
SPRING_STIFFNESS = [ 475.000000, 450.000000 ]
SWAYBAR_STIFFNESS = [ 300.000000, 250.000000 ]
TRAVEL = [ 6.500000, 6.500000 ]

[tires]
DYNAMIC_GRIP = [ 1.700000, 1.900000 ]
GRIP_SCALE = [ 1.000000, 1.000000 ]
STATIC_GRIP = [ 1.900000, 2.100000 ]
STEERING = 1.000000
YAW_CONTROL = [ 0.250000, 0.350000, 0.600000, 1.000000 ]
YAW_SPEED = 0.700000

[transmission]
DIFFERENTIAL = [ 0.800000, 0.800000, 0.800000 ]
TORQUE_SPLIT = 0.500000

[pvehicle]
TENSOR_SCALE = [ 1.000000, 3.100000, 1.000000 ]