[brakes]
BRAKE_LOCK = [ 1.000000, 3.300000 ]
BRAKES = [ 450.000000, 650.000000 ]
EBRAKE = 725.000000

[chassis]
AERO_CG = 48.500000
AERO_COEFFICIENT = 0.260000
DRAG_COEFFICIENT = 0.370000
FRONT_WEIGHT_BIAS = 53.599998
RENDER_MOTION = 0.500000
RIDE_HEIGHT = [ 8.500000, 8.500000 ]
ROLL_CENTER = 8.900000
SHOCK_BLOWOUT = 6.000000
SHOCK_DIGRESSION = [ 0.300000, 0.300000 ]
SHOCK_EXT_STIFFNESS = [ 80.000000, 85.000000 ]
SHOCK_STIFFNESS = [ 60.000000, 60.000000 ]
SHOCK_VALVING = [ 20.000000, 20.000000 ]
SPRING_PROGRESSION = [ 8.000000, 8.000000 ]
SPRING_STIFFNESS = [ 600.000000, 600.000000 ]
SWAYBAR_STIFFNESS = [ 250.000000, 225.000000 ]
TRAVEL = [ 6.000000, 6.000000 ]

[tires]
DYNAMIC_GRIP = [ 1.900000, 1.900000 ]
GRIP_SCALE = [ 1.100000, 1.100000 ]
STATIC_GRIP = [ 2.150000, 2.150000 ]
STEERING = 1.050000
YAW_CONTROL = [ 0.100000, 0.600000, 0.850000, 1.150000 ]
YAW_SPEED = 0.650000

[transmission]
DIFFERENTIAL = [ 0.800000, 0.800000, 0.000000 ]
TORQUE_SPLIT = 0.000000

[pvehicle]
TENSOR_SCALE = [ 1.000000, 3.500000, 1.000000 ]