[brakes]
BRAKE_LOCK = [ 1.000000, 3.250000 ]
BRAKES = [ 350.000000, 553.000000 ]
EBRAKE = 600.000000

[chassis]
AERO_CG = 48.000000
AERO_COEFFICIENT = 0.195000
DRAG_COEFFICIENT = 0.290000
FRONT_WEIGHT_BIAS = 53.500000
RENDER_MOTION = 1.000000
RIDE_HEIGHT = [ 8.500000, 8.500000 ]
ROLL_CENTER = 9.600000
SHOCK_BLOWOUT = 6.000000
SHOCK_DIGRESSION = [ 0.150000, 0.150000 ]
SHOCK_EXT_STIFFNESS = [ 45.000000, 45.000000 ]
SHOCK_STIFFNESS = [ 38.000000, 38.000000 ]
SHOCK_VALVING = [ 24.000000, 24.000000 ]
SPRING_PROGRESSION = [ 7.500000, 7.500000 ]
SPRING_STIFFNESS = [ 400.000000, 375.000000 ]
SWAYBAR_STIFFNESS = [ 300.000000, 275.000000 ]
TRAVEL = [ 7.000000, 7.000000 ]

[tires]
DYNAMIC_GRIP = [ 1.400000, 1.400000 ]
GRIP_SCALE = [ 1.000000, 1.000000 ]
STATIC_GRIP = [ 1.600000, 1.630000 ]
STEERING = 1.075000
YAW_CONTROL = [ 0.100000, 0.200000, 0.450000, 0.600000 ]
YAW_SPEED = 0.650000

[transmission]
DIFFERENTIAL = [ 0.700000, 0.700000, 0.000000 ]
TORQUE_SPLIT = 0.000000

[pvehicle]
TENSOR_SCALE = [ 1.000000, 3.500000, 1.000000 ]