[brakes]
BRAKE_LOCK = [ 1.000000, 3.500000 ]
BRAKES = [ 370.000000, 475.000000 ]
EBRAKE = 450.000000

[chassis]
AERO_CG = 49.200001
AERO_COEFFICIENT = 0.160000
DRAG_COEFFICIENT = 0.320000
FRONT_WEIGHT_BIAS = 53.000000
RENDER_MOTION = 1.000000
RIDE_HEIGHT = [ 9.500000, 9.500000 ]
ROLL_CENTER = 11.000000
SHOCK_BLOWOUT = 8.000000
SHOCK_DIGRESSION = [ 0.100000, 0.100000 ]
SHOCK_EXT_STIFFNESS = [ 50.000000, 50.000000 ]
SHOCK_STIFFNESS = [ 45.000000, 45.000000 ]
SHOCK_VALVING = [ 17.500000, 17.500000 ]
SPRING_PROGRESSION = [ 5.500000, 5.800000 ]
SPRING_STIFFNESS = [ 350.000000, 350.000000 ]
SWAYBAR_STIFFNESS = [ 220.000000, 230.000000 ]
TRAVEL = [ 8.000000, 8.000000 ]

[tires]
DYNAMIC_GRIP = [ 1.400000, 1.500000 ]
GRIP_SCALE = [ 1.000000, 1.000000 ]
STATIC_GRIP = [ 1.600000, 1.700000 ]
STEERING = 1.075000
YAW_CONTROL = [ 0.100000, 0.300000, 0.450000, 0.600000 ]
YAW_SPEED = 0.600000

[transmission]
DIFFERENTIAL = [ 0.750000, 0.750000, 0.750000 ]
TORQUE_SPLIT = 0.500000

[pvehicle]
TENSOR_SCALE = [ 1.000000, 3.200000, 1.000000 ]