[brakes]
BRAKE_LOCK = [ 1.000000, 3.500000 ]
BRAKES = [ 425.000000, 550.000000 ]
EBRAKE = 600.000000

[chassis]
AERO_CG = 49.000000
AERO_COEFFICIENT = 0.275000
DRAG_COEFFICIENT = 0.400000
FRONT_WEIGHT_BIAS = 53.700001
RENDER_MOTION = 0.500000
RIDE_HEIGHT = [ 9.500000, 9.500000 ]
ROLL_CENTER = 10.000000
SHOCK_BLOWOUT = 8.000000
SHOCK_DIGRESSION = [ 0.200000, 0.200000 ]
SHOCK_EXT_STIFFNESS = [ 80.000000, 80.000000 ]
SHOCK_STIFFNESS = [ 65.000000, 65.000000 ]
SHOCK_VALVING = [ 18.500000, 18.500000 ]
SPRING_PROGRESSION = [ 7.000000, 6.500000 ]
SPRING_STIFFNESS = [ 800.000000, 800.000000 ]
SWAYBAR_STIFFNESS = [ 275.000000, 220.000000 ]
TRAVEL = [ 7.000000, 7.000000 ]

[tires]
DYNAMIC_GRIP = [ 1.750000, 1.850000 ]
GRIP_SCALE = [ 1.000000, 1.000000 ]
STATIC_GRIP = [ 2.000000, 2.050000 ]
STEERING = 1.000000
YAW_CONTROL = [ 0.100000, 0.650000, 0.850000, 1.200000 ]
YAW_SPEED = 0.610000

[transmission]
DIFFERENTIAL = [ 0.700000, 0.700000, 0.700000 ]
TORQUE_SPLIT = 0.500000

[pvehicle]
TENSOR_SCALE = [ 1.000000, 3.200000, 1.000000 ]