[brakes]
BRAKE_LOCK = [ 1.000000, 3.500000 ]
BRAKES = [ 310.000000, 525.000000 ]
EBRAKE = 500.000000

[chassis]
AERO_CG = 48.500000
AERO_COEFFICIENT = 0.170000
DRAG_COEFFICIENT = 0.330000
FRONT_WEIGHT_BIAS = 53.500000
RENDER_MOTION = 1.000000
RIDE_HEIGHT = [ 8.000000, 8.000000 ]
ROLL_CENTER = 9.750000
SHOCK_BLOWOUT = 6.000000
SHOCK_DIGRESSION = [ 0.300000, 0.300000 ]
SHOCK_EXT_STIFFNESS = [ 58.000000, 60.000000 ]
SHOCK_STIFFNESS = [ 55.000000, 50.000000 ]
SHOCK_VALVING = [ 20.000000, 20.000000 ]
SPRING_PROGRESSION = [ 7.000000, 7.000000 ]
SPRING_STIFFNESS = [ 400.000000, 425.000000 ]
SWAYBAR_STIFFNESS = [ 300.000000, 270.000000 ]
TRAVEL = [ 7.000000, 7.000000 ]

[tires]
DYNAMIC_GRIP = [ 1.500000, 1.650000 ]
GRIP_SCALE = [ 1.000000, 1.000000 ]
STATIC_GRIP = [ 1.800000, 1.850000 ]
STEERING = 1.075800
YAW_CONTROL = [ 0.150000, 0.450000, 0.550000, 0.700000 ]
YAW_SPEED = 0.700000

[transmission]
DIFFERENTIAL = [ 0.700000, 0.700000, 0.500000 ]
TORQUE_SPLIT = 0.500000

[pvehicle]
TENSOR_SCALE = [ 1.000000, 3.560000, 1.000000 ]