[brakes]
BRAKE_LOCK = [ 1.000000, 3.500000 ]
BRAKES = [ 375.000000, 500.000000 ]
EBRAKE = 850.000000

[chassis]
AERO_CG = 47.000000
AERO_COEFFICIENT = 0.240000
DRAG_COEFFICIENT = 0.320000
FRONT_WEIGHT_BIAS = 54.000000
RENDER_MOTION = 1.000000
RIDE_HEIGHT = [ 7.500000, 7.500000 ]
ROLL_CENTER = 9.000000
SHOCK_BLOWOUT = 5.000000
SHOCK_DIGRESSION = [ 0.300000, 0.300000 ]
SHOCK_EXT_STIFFNESS = [ 50.000000, 50.000000 ]
SHOCK_STIFFNESS = [ 40.000000, 40.000000 ]
SHOCK_VALVING = [ 17.000000, 17.000000 ]
SPRING_PROGRESSION = [ 7.500000, 6.000000 ]
SPRING_STIFFNESS = [ 400.000000, 400.000000 ]
SWAYBAR_STIFFNESS = [ 275.000000, 200.000000 ]
TRAVEL = [ 7.000000, 7.000000 ]

[tires]
DYNAMIC_GRIP = [ 1.700000, 1.700000 ]
GRIP_SCALE = [ 1.000000, 1.000000 ]
STATIC_GRIP = [ 1.800000, 2.000000 ]
STEERING = 1.000000
YAW_CONTROL = [ 0.100000, 0.400000, 0.600000, 1.000000 ]
YAW_SPEED = 0.300000

[transmission]
DIFFERENTIAL = [ 0.800000, 0.800000, 0.000000 ]
TORQUE_SPLIT = 0.000000

[pvehicle]
TENSOR_SCALE = [ 1.000000, 2.000000, 1.000000 ]