[brakes]
BRAKE_LOCK = [ 1.000000, 3.500000 ]
BRAKES = [ 300.000000, 368.799988 ]
EBRAKE = 450.000000

[chassis]
AERO_CG = 48.250000
AERO_COEFFICIENT = 0.150000
DRAG_COEFFICIENT = 0.350000
FRONT_AXLE = 1.420000
FRONT_WEIGHT_BIAS = 52.875000
RENDER_MOTION = 1.000000
RIDE_HEIGHT = [ 7.000000, 7.000000 ]
ROLL_CENTER = 10.500000
SHOCK_BLOWOUT = 6.000000
SHOCK_DIGRESSION = [ 0.500000, 0.500000 ]
SHOCK_EXT_STIFFNESS = [ 43.000000, 47.000000 ]
SHOCK_STIFFNESS = [ 37.000000, 37.000000 ]
SHOCK_VALVING = [ 10.000000, 10.000000 ]
SPRING_PROGRESSION = [ 6.000000, 6.200000 ]
SPRING_STIFFNESS = [ 300.000000, 320.000000 ]
SWAYBAR_STIFFNESS = [ 190.000000, 195.000000 ]
TRACK_WIDTH = [ 1.499000, 1.499000 ]
TRAVEL = [ 8.500000, 8.500000 ]
WHEEL_BASE = 2.743000

[tires]
DYNAMIC_GRIP = [ 1.300000, 1.300000 ]
GRIP_SCALE = [ 1.000000, 1.000000 ]
SECTION_WIDTH = [ 245.000000, 245.000000 ]
STATIC_GRIP = [ 1.500000, 1.500000 ]
STEERING = 1.100000
YAW_CONTROL = [ 0.000000, 0.000000, 0.000000, 0.000000 ]
YAW_SPEED = 0.375000

[transmission]
DIFFERENTIAL = [ 0.650000, 0.650000, 0.000000 ]
TORQUE_SPLIT = 0.000000