[brakes]
BRAKE_LOCK = [ 1.000000, 3.300000 ]
BRAKES = [ 390.000000, 500.000000 ]
EBRAKE = 800.000000

[chassis]
AERO_CG = 48.200001
AERO_COEFFICIENT = 0.240000
DRAG_COEFFICIENT = 0.390000
FRONT_WEIGHT_BIAS = 54.000000
RENDER_MOTION = 1.000000
RIDE_HEIGHT = [ 8.000000, 8.000000 ]
ROLL_CENTER = 8.750000
SHOCK_BLOWOUT = 8.000000
SHOCK_DIGRESSION = [ 0.100000, 0.100000 ]
SHOCK_EXT_STIFFNESS = [ 60.000000, 55.000000 ]
SHOCK_STIFFNESS = [ 50.000000, 45.000000 ]
SHOCK_VALVING = [ 24.000000, 24.000000 ]
SPRING_PROGRESSION = [ 8.000000, 8.000000 ]
SPRING_STIFFNESS = [ 650.000000, 700.000000 ]
SWAYBAR_STIFFNESS = [ 325.000000, 320.000000 ]
TRAVEL = [ 7.000000, 7.000000 ]

[tires]
DYNAMIC_GRIP = [ 1.900000, 1.900000 ]
GRIP_SCALE = [ 1.000000, 1.000000 ]
STATIC_GRIP = [ 2.100000, 2.100000 ]
STEERING = 1.120000
YAW_CONTROL = [ 0.000000, 0.100000, 0.200000, 1.000000 ]
YAW_SPEED = 0.400000

[transmission]
DIFFERENTIAL = [ 0.750000, 0.750000, 0.000000 ]
TORQUE_SPLIT = 0.000000

[pvehicle]
TENSOR_SCALE = [ 1.100000, 2.000000, 1.100000 ]