[brakes]
BRAKE_LOCK = [ 1.000000, 3.350000 ]
BRAKES = [ 475.000000, 600.000000 ]
EBRAKE = 700.000000

[chassis]
AERO_CG = 48.000000
AERO_COEFFICIENT = 0.240000
DRAG_COEFFICIENT = 0.360000
FRONT_WEIGHT_BIAS = 53.849998
RENDER_MOTION = 0.500000
RIDE_HEIGHT = [ 7.000000, 7.000000 ]
ROLL_CENTER = 9.000000
SHOCK_BLOWOUT = 6.000000
SHOCK_DIGRESSION = [ 0.300000, 0.300000 ]
SHOCK_EXT_STIFFNESS = [ 75.000000, 75.000000 ]
SHOCK_STIFFNESS = [ 60.000000, 60.000000 ]
SHOCK_VALVING = [ 20.000000, 20.000000 ]
SPRING_PROGRESSION = [ 6.000000, 6.100000 ]
SPRING_STIFFNESS = [ 600.000000, 600.000000 ]
SWAYBAR_STIFFNESS = [ 275.000000, 275.000000 ]
TRAVEL = [ 6.000000, 6.000000 ]

[tires]
DYNAMIC_GRIP = [ 1.800000, 1.900000 ]
GRIP_SCALE = [ 1.070000, 1.085000 ]
STATIC_GRIP = [ 2.050000, 2.150000 ]
STEERING = 1.050000
YAW_CONTROL = [ 0.100000, 0.600000, 1.000000, 1.250000 ]
YAW_SPEED = 0.400000

[transmission]
DIFFERENTIAL = [ 0.750000, 0.750000, 0.000000 ]
TORQUE_SPLIT = 0.000000

[pvehicle]
TENSOR_SCALE = [ 1.000000, 2.000000, 1.000000 ]