[brakes]
BRAKE_LOCK = [ 1.000000, 3.200000 ]
BRAKES = [ 325.000000, 450.000000 ]
EBRAKE = 500.000000

[chassis]
AERO_CG = 47.400002
AERO_COEFFICIENT = 0.160000
DRAG_COEFFICIENT = 0.300000
FRONT_WEIGHT_BIAS = 52.950001
RENDER_MOTION = 1.000000
RIDE_HEIGHT = [ 7.000000, 7.000000 ]
ROLL_CENTER = 9.000000
SHOCK_BLOWOUT = 6.000000
SHOCK_DIGRESSION = [ 0.100000, 0.100000 ]
SHOCK_EXT_STIFFNESS = [ 50.000000, 60.000000 ]
SHOCK_STIFFNESS = [ 35.000000, 35.000000 ]
SHOCK_VALVING = [ 24.000000, 24.000000 ]
SPRING_PROGRESSION = [ 6.000000, 6.000000 ]
SPRING_STIFFNESS = [ 330.000000, 350.000000 ]
SWAYBAR_STIFFNESS = [ 220.000000, 175.000000 ]
TRAVEL = [ 7.000000, 7.000000 ]

[tires]
DYNAMIC_GRIP = [ 1.400000, 1.500000 ]
GRIP_SCALE = [ 1.000000, 1.000000 ]
STATIC_GRIP = [ 1.600000, 1.700000 ]
STEERING = 1.000000
YAW_CONTROL = [ 0.200000, 0.500000, 0.600000, 1.000000 ]
YAW_SPEED = 0.300000

[transmission]
DIFFERENTIAL = [ 0.800000, 0.800000, 0.000000 ]
TORQUE_SPLIT = 0.000000

[pvehicle]
TENSOR_SCALE = [ 1.000000, 2.000000, 1.000000 ]