[brakes]
BRAKE_LOCK = [ 1.000000, 3.500000 ]
BRAKES = [ 475.000000, 600.000000 ]
EBRAKE = 800.000000

[chassis]
AERO_CG = 48.000000
AERO_COEFFICIENT = 0.240000
DRAG_COEFFICIENT = 0.400000
FRONT_WEIGHT_BIAS = 53.000000
RENDER_MOTION = 0.500000
RIDE_HEIGHT = [ 7.000000, 7.000000 ]
ROLL_CENTER = 8.750000
SHOCK_BLOWOUT = 8.000000
SHOCK_DIGRESSION = [ 0.200000, 0.200000 ]
SHOCK_EXT_STIFFNESS = [ 85.000000, 85.000000 ]
SHOCK_STIFFNESS = [ 70.000000, 70.000000 ]
SHOCK_VALVING = [ 24.000000, 24.000000 ]
SPRING_PROGRESSION = [ 8.000000, 7.200000 ]
SPRING_STIFFNESS = [ 750.000000, 750.000000 ]
SWAYBAR_STIFFNESS = [ 300.000000, 300.000000 ]
TRAVEL = [ 7.100000, 7.100000 ]

[tires]
DYNAMIC_GRIP = [ 1.900000, 2.000000 ]
GRIP_SCALE = [ 1.000000, 1.000000 ]
STATIC_GRIP = [ 2.100000, 2.200000 ]
STEERING = 1.000000
YAW_CONTROL = [ 0.000000, 0.500000, 0.750000, 1.000000 ]
YAW_SPEED = 0.500000

[transmission]
DIFFERENTIAL = [ 0.725000, 0.675000, 0.000000 ]
TORQUE_SPLIT = 0.000000

[pvehicle]
TENSOR_SCALE = [ 1.000000, 2.000000, 1.000000 ]