[brakes]
BRAKE_LOCK = [ 1.000000, 3.500000 ]
BRAKES = [ 280.000000, 400.000000 ]
EBRAKE = 450.000000

[chassis]
AERO_CG = 46.000000
AERO_COEFFICIENT = 0.152500
DRAG_COEFFICIENT = 0.270000
FRONT_WEIGHT_BIAS = 51.900002
RENDER_MOTION = 1.000000
RIDE_HEIGHT = [ 8.850000, 8.850000 ]
ROLL_CENTER = 10.500000
SHOCK_BLOWOUT = 6.000000
SHOCK_DIGRESSION = [ 0.500000, 0.500000 ]
SHOCK_EXT_STIFFNESS = [ 50.000000, 50.000000 ]
SHOCK_STIFFNESS = [ 40.000000, 40.000000 ]
SHOCK_VALVING = [ 24.000000, 24.000000 ]
SPRING_PROGRESSION = [ 6.250000, 6.000000 ]
SPRING_STIFFNESS = [ 392.000000, 350.000000 ]
SWAYBAR_STIFFNESS = [ 200.000000, 180.000000 ]
TRAVEL = [ 7.500000, 7.500000 ]

[tires]
DYNAMIC_GRIP = [ 1.400000, 1.400000 ]
GRIP_SCALE = [ 1.000000, 1.000000 ]
STATIC_GRIP = [ 1.600000, 1.620000 ]
STEERING = 1.050000
YAW_CONTROL = [ 0.100000, 0.250000, 0.400000, 0.500000 ]
YAW_SPEED = 0.400000

[transmission]
DIFFERENTIAL = [ 0.650000, 0.650000, 0.000000 ]
TORQUE_SPLIT = 1.000000

[pvehicle]
TENSOR_SCALE = [ 1.000000, 2.000000, 1.000000 ]