[brakes]
BRAKE_LOCK = [ 1.000000, 3.000000 ]
BRAKES = [ 340.000000, 480.000000 ]
EBRAKE = 425.000000

[chassis]
AERO_CG = 49.000000
AERO_COEFFICIENT = 0.180000
DRAG_COEFFICIENT = 0.370000
FRONT_WEIGHT_BIAS = 53.200001
RENDER_MOTION = 1.000000
RIDE_HEIGHT = [ 8.850000, 8.850000 ]
ROLL_CENTER = 9.500000
SHOCK_BLOWOUT = 6.000000
SHOCK_DIGRESSION = [ 0.200000, 0.200000 ]
SHOCK_EXT_STIFFNESS = [ 60.000000, 60.000000 ]
SHOCK_STIFFNESS = [ 50.000000, 50.000000 ]
SHOCK_VALVING = [ 24.000000, 24.000000 ]
SPRING_PROGRESSION = [ 7.200000, 7.000000 ]
SPRING_STIFFNESS = [ 475.000000, 450.000000 ]
SWAYBAR_STIFFNESS = [ 200.000000, 210.000000 ]
TRAVEL = [ 7.500000, 7.500000 ]

[tires]
DYNAMIC_GRIP = [ 1.500000, 1.500000 ]
GRIP_SCALE = [ 1.000000, 1.000000 ]
STATIC_GRIP = [ 1.700000, 1.720000 ]
STEERING = 1.100000
YAW_CONTROL = [ 0.100000, 0.200000, 0.650000, 1.000000 ]
YAW_SPEED = 0.300000

[transmission]
DIFFERENTIAL = [ 0.650000, 0.650000, 0.000000 ]
TORQUE_SPLIT = 0.000000

[pvehicle]
TENSOR_SCALE = [ 1.500000, 2.000000, 1.500000 ]