[brakes]
BRAKE_LOCK = [ 1.000000, 3.300000 ]
BRAKES = [ 500.000000, 650.000000 ]
EBRAKE = 850.000000

[chassis]
AERO_CG = 48.000000
AERO_COEFFICIENT = 0.175000
DRAG_COEFFICIENT = 0.380000
FRONT_WEIGHT_BIAS = 53.000000
RENDER_MOTION = 0.500000
RIDE_HEIGHT = [ 11.000000, 11.000000 ]
ROLL_CENTER = 13.000000
SHOCK_BLOWOUT = 6.000000
SHOCK_DIGRESSION = [ 0.110000, 0.110000 ]
SHOCK_EXT_STIFFNESS = [ 75.000000, 75.000000 ]
SHOCK_STIFFNESS = [ 60.000000, 60.000000 ]
SHOCK_VALVING = [ 24.000000, 24.000000 ]
SPRING_PROGRESSION = [ 7.500000, 7.000000 ]
SPRING_STIFFNESS = [ 775.000000, 800.000000 ]
SWAYBAR_STIFFNESS = [ 250.000000, 250.000000 ]
TRAVEL = [ 7.000000, 7.000000 ]

[tires]
DYNAMIC_GRIP = [ 1.600000, 1.800000 ]
GRIP_SCALE = [ 1.000000, 1.000000 ]
STATIC_GRIP = [ 1.900000, 2.000000 ]
STEERING = 1.000000
YAW_CONTROL = [ 0.000000, 0.300000, 0.400000, 0.600000 ]
YAW_SPEED = 0.300000

[pvehicle]
TENSOR_SCALE = [ 1.000000, 2.500000, 1.000000 ]