[brakes]
BRAKE_LOCK = [ 1.000000, 3.500000 ]
BRAKES = [ 300.000000, 550.000000 ]
EBRAKE = 1500.000000

[chassis]
AERO_CG = 48.500000
AERO_COEFFICIENT = 0.260000
DRAG_COEFFICIENT = 0.350000
FRONT_WEIGHT_BIAS = 40.000000
RENDER_MOTION = 1.000000
RIDE_HEIGHT = [ 10.000000, 10.000000 ]
ROLL_CENTER = 36.000000
SHOCK_BLOWOUT = 8.000000
SHOCK_DIGRESSION = [ 0.300000, 0.300000 ]
SHOCK_EXT_STIFFNESS = [ 80.000000, 80.000000 ]
SHOCK_STIFFNESS = [ 60.000000, 90.000000 ]
SHOCK_VALVING = [ 24.000000, 24.000000 ]
SPRING_PROGRESSION = [ 9.000000, 9.000000 ]
SPRING_STIFFNESS = [ 600.000000, 800.000000 ]
SWAYBAR_STIFFNESS = [ 300.000000, 300.000000 ]
TRAVEL = [ 9.000000, 9.000000 ]

[tires]
DYNAMIC_GRIP = [ 2.100000, 2.100000 ]
GRIP_SCALE = [ 1.000000, 1.200000 ]
STATIC_GRIP = [ 2.300000, 2.300000 ]
STEERING = 1.000000
YAW_CONTROL = [ 0.250000, 0.350000, 0.600000, 1.000000 ]
YAW_SPEED = 0.500000

[pvehicle]
TENSOR_SCALE = [ 1.500000, 2.500000, 1.500000 ]