[brakes]
BRAKE_LOCK = [ 1.000000, 3.600000 ]
BRAKES = [ 450.000000, 675.000000 ]
EBRAKE = 1500.000000

[chassis]
AERO_CG = 48.000000
AERO_COEFFICIENT = 0.290000
DRAG_COEFFICIENT = 0.350000
FRONT_WEIGHT_BIAS = 53.000000
RENDER_MOTION = 1.000000
RIDE_HEIGHT = [ 10.000000, 10.000000 ]
ROLL_CENTER = 26.000000
SHOCK_BLOWOUT = 8.000000
SHOCK_DIGRESSION = [ 0.300000, 0.300000 ]
SHOCK_EXT_STIFFNESS = [ 80.000000, 80.000000 ]
SHOCK_STIFFNESS = [ 60.000000, 60.000000 ]
SHOCK_VALVING = [ 24.000000, 24.000000 ]
SPRING_PROGRESSION = [ 9.000000, 9.000000 ]
SPRING_STIFFNESS = [ 700.000000, 700.000000 ]
SWAYBAR_STIFFNESS = [ 300.000000, 275.000000 ]
TRAVEL = [ 8.000000, 8.000000 ]

[tires]
DYNAMIC_GRIP = [ 2.000000, 2.200000 ]
GRIP_SCALE = [ 1.000000, 1.000000 ]
STATIC_GRIP = [ 2.200000, 2.400000 ]
STEERING = 1.100000
YAW_CONTROL = [ 0.250000, 0.500000, 1.000000, 1.200000 ]
YAW_SPEED = 0.600000

[pvehicle]
TENSOR_SCALE = [ 1.500000, 2.500000, 1.500000 ]