[brakes]
BRAKE_LOCK = [ 1.000000, 3.300000 ]
BRAKES = [ 400.000000, 553.000000 ]
EBRAKE = 575.000000

[chassis]
AERO_CG = 47.599998
AERO_COEFFICIENT = 0.170000
DRAG_COEFFICIENT = 0.350000
FRONT_WEIGHT_BIAS = 53.799999
RENDER_MOTION = 1.000000
RIDE_HEIGHT = [ 6.850000, 6.850000 ]
ROLL_CENTER = 9.500000
SHOCK_BLOWOUT = 6.000000
SHOCK_DIGRESSION = [ 0.450000, 0.450000 ]
SHOCK_EXT_STIFFNESS = [ 60.000000, 55.000000 ]
SHOCK_STIFFNESS = [ 40.000000, 45.000000 ]
SHOCK_VALVING = [ 18.000000, 18.000000 ]
SPRING_PROGRESSION = [ 5.000000, 5.500000 ]
SPRING_STIFFNESS = [ 300.000000, 330.000000 ]
SWAYBAR_STIFFNESS = [ 200.000000, 200.000000 ]
TRAVEL = [ 7.500000, 7.000000 ]

[tires]
DYNAMIC_GRIP = [ 1.600000, 1.600000 ]
GRIP_SCALE = [ 1.000000, 1.000000 ]
STATIC_GRIP = [ 1.850000, 1.850000 ]
STEERING = 1.050000
YAW_CONTROL = [ 0.100000, 0.400000, 0.500000, 0.750000 ]
YAW_SPEED = 0.400000

[transmission]
DIFFERENTIAL = [ 0.750000, 0.750000, 0.000000 ]
TORQUE_SPLIT = 0.000000

[pvehicle]
TENSOR_SCALE = [ 1.000000, 2.500000, 1.000000 ]