[brakes]
BRAKE_LOCK = [ 1.000000, 3.500000 ]
BRAKES = [ 410.000000, 550.000000 ]
EBRAKE = 700.000000

[chassis]
AERO_CG = 47.000000
AERO_COEFFICIENT = 0.215000
DRAG_COEFFICIENT = 0.380000
FRONT_WEIGHT_BIAS = 52.700001
RENDER_MOTION = 1.000000
RIDE_HEIGHT = [ 6.000000, 6.000000 ]
ROLL_CENTER = 9.100000
SHOCK_BLOWOUT = 8.000000
SHOCK_DIGRESSION = [ 0.400000, 0.400000 ]
SHOCK_EXT_STIFFNESS = [ 70.000000, 70.000000 ]
SHOCK_STIFFNESS = [ 55.000000, 45.000000 ]
SHOCK_VALVING = [ 17.500000, 17.500000 ]
SPRING_PROGRESSION = [ 7.000000, 7.000000 ]
SPRING_STIFFNESS = [ 475.000000, 450.000000 ]
SWAYBAR_STIFFNESS = [ 270.000000, 200.000000 ]
TRAVEL = [ 6.000000, 6.000000 ]

[tires]
DYNAMIC_GRIP = [ 1.600000, 1.700000 ]
GRIP_SCALE = [ 1.000000, 1.000000 ]
STATIC_GRIP = [ 1.800000, 1.925000 ]
STEERING = 1.050000
YAW_CONTROL = [ 0.020000, 0.400000, 0.500000, 1.000000 ]
YAW_SPEED = 0.450000

[transmission]
DIFFERENTIAL = [ 0.750000, 0.750000, 0.000000 ]
TORQUE_SPLIT = 0.000000

[pvehicle]
TENSOR_SCALE = [ 1.000000, 2.000000, 1.000000 ]