[brakes]
BRAKE_LOCK = [ 1.000000, 3.250000 ]
BRAKES = [ 525.000000, 650.000000 ]
EBRAKE = 875.000000

[chassis]
AERO_CG = 47.400002
AERO_COEFFICIENT = 0.285000
DRAG_COEFFICIENT = 0.450000
FRONT_WEIGHT_BIAS = 52.750000
RENDER_MOTION = 0.500000
RIDE_HEIGHT = [ 6.000000, 6.000000 ]
ROLL_CENTER = 8.500000
SHOCK_BLOWOUT = 8.000000
SHOCK_DIGRESSION = [ 0.100000, 0.100000 ]
SHOCK_EXT_STIFFNESS = [ 85.000000, 85.000000 ]
SHOCK_STIFFNESS = [ 60.000000, 60.000000 ]
SHOCK_VALVING = [ 24.000000, 24.000000 ]
SPRING_PROGRESSION = [ 7.000000, 7.000000 ]
SPRING_STIFFNESS = [ 600.000000, 625.000000 ]
SWAYBAR_STIFFNESS = [ 200.000000, 200.000000 ]
TRAVEL = [ 6.000000, 6.000000 ]

[tires]
DYNAMIC_GRIP = [ 1.950000, 2.050000 ]
GRIP_SCALE = [ 1.000000, 1.020000 ]
STATIC_GRIP = [ 2.150000, 2.250000 ]
STEERING = 1.000000
YAW_CONTROL = [ 0.100000, 0.600000, 0.750000, 1.000000 ]
YAW_SPEED = 0.470000

[transmission]
DIFFERENTIAL = [ 0.800000, 0.800000, 0.000000 ]
TORQUE_SPLIT = 0.000000

[pvehicle]
TENSOR_SCALE = [ 1.000000, 2.000000, 1.000000 ]