[brakes]
BRAKE_LOCK = [ 1.000000, 3.000000 ]
BRAKES = [ 300.000000, 550.000000 ]
EBRAKE = 400.000000

[chassis]
AERO_CG = 48.000000
AERO_COEFFICIENT = 0.170000
DRAG_COEFFICIENT = 0.270000
FRONT_WEIGHT_BIAS = 53.500000
RENDER_MOTION = 1.000000
RIDE_HEIGHT = [ 9.000000, 9.000000 ]
ROLL_CENTER = 10.000000
SHOCK_BLOWOUT = 6.000000
SHOCK_DIGRESSION = [ 0.200000, 0.200000 ]
SHOCK_EXT_STIFFNESS = [ 52.000000, 52.000000 ]
SHOCK_STIFFNESS = [ 40.000000, 40.000000 ]
SHOCK_VALVING = [ 19.000000, 19.000000 ]
SPRING_PROGRESSION = [ 5.000000, 5.000000 ]
SPRING_STIFFNESS = [ 375.000000, 375.000000 ]
SWAYBAR_STIFFNESS = [ 200.000000, 150.000000 ]
TRAVEL = [ 7.000000, 7.000000 ]

[tires]
DYNAMIC_GRIP = [ 1.410000, 1.410000 ]
GRIP_SCALE = [ 1.000000, 1.000000 ]
STATIC_GRIP = [ 1.630000, 1.700000 ]
STEERING = 1.000000
YAW_CONTROL = [ 0.100000, 0.250000, 0.400000, 0.500000 ]
YAW_SPEED = 0.400000

[transmission]
DIFFERENTIAL = [ 0.700000, 0.700000, 0.000000 ]
TORQUE_SPLIT = 1.000000

[pvehicle]
TENSOR_SCALE = [ 1.000000, 2.000000, 1.000000 ]