[brakes]
BRAKE_LOCK = [ 1.000000, 2.750000 ]
BRAKES = [ 280.000000, 350.000000 ]
EBRAKE = 400.000000

[chassis]
AERO_CG = 50.000000
AERO_COEFFICIENT = 0.140000
DRAG_COEFFICIENT = 0.220000
FRONT_WEIGHT_BIAS = 53.000000
RENDER_MOTION = 1.000000
RIDE_HEIGHT = [ 8.000000, 8.000000 ]
ROLL_CENTER = 11.000000
SHOCK_BLOWOUT = 5.000000
SHOCK_DIGRESSION = [ 0.100000, 0.100000 ]
SHOCK_EXT_STIFFNESS = [ 35.000000, 35.000000 ]
SHOCK_STIFFNESS = [ 30.000000, 30.000000 ]
SHOCK_VALVING = [ 18.000000, 18.000000 ]
SPRING_PROGRESSION = [ 6.100000, 6.100000 ]
SPRING_STIFFNESS = [ 450.000000, 400.000000 ]
SWAYBAR_STIFFNESS = [ 200.000000, 200.000000 ]
TRAVEL = [ 6.500000, 6.500000 ]

[tires]
DYNAMIC_GRIP = [ 1.400000, 1.500000 ]
GRIP_SCALE = [ 1.000000, 1.000000 ]
STATIC_GRIP = [ 1.600000, 1.700000 ]
STEERING = 1.000000
YAW_CONTROL = [ 0.000000, 0.100000, 0.300000, 1.000000 ]
YAW_SPEED = 0.400000

[transmission]
DIFFERENTIAL = [ 0.850000, 0.850000, 0.000000 ]
TORQUE_SPLIT = 0.000000

[pvehicle]
TENSOR_SCALE = [ 1.000000, 3.300000, 1.000000 ]