[brakes]
BRAKE_LOCK = [ 1.000000, 3.500000 ]
BRAKES = [ 350.000000, 500.000000 ]
EBRAKE = 550.000000

[chassis]
AERO_CG = 46.000000
AERO_COEFFICIENT = 0.160000
DRAG_COEFFICIENT = 0.260000
FRONT_WEIGHT_BIAS = 51.000000
RENDER_MOTION = 0.500000
RIDE_HEIGHT = [ 8.000000, 8.000000 ]
ROLL_CENTER = 10.000000
SHOCK_BLOWOUT = 5.000000
SHOCK_DIGRESSION = [ 0.100000, 0.100000 ]
SHOCK_EXT_STIFFNESS = [ 45.000000, 45.000000 ]
SHOCK_STIFFNESS = [ 35.000000, 35.000000 ]
SHOCK_VALVING = [ 17.000000, 17.000000 ]
SPRING_PROGRESSION = [ 6.000000, 6.000000 ]
SPRING_STIFFNESS = [ 500.000000, 400.000000 ]
SWAYBAR_STIFFNESS = [ 300.000000, 250.000000 ]
TRAVEL = [ 6.000000, 6.000000 ]

[tires]
DYNAMIC_GRIP = [ 1.750000, 1.800000 ]
GRIP_SCALE = [ 1.000000, 1.000000 ]
STATIC_GRIP = [ 1.950000, 2.000000 ]
STEERING = 0.900000
YAW_CONTROL = [ 0.100000, 0.500000, 0.850000, 1.100000 ]
YAW_SPEED = 0.410000

[transmission]
DIFFERENTIAL = [ 0.850000, 0.850000, 0.000000 ]
TORQUE_SPLIT = 0.000000

[pvehicle]
TENSOR_SCALE = [ 1.000000, 3.300000, 1.000000 ]