[brakes]
BRAKE_LOCK = [ 1.000000, 3.400000 ]
BRAKES = [ 350.000000, 500.000000 ]
EBRAKE = 750.000000

[chassis]
AERO_CG = 48.000000
AERO_COEFFICIENT = 0.230000
DRAG_COEFFICIENT = 0.290000
FRONT_WEIGHT_BIAS = 53.000000
RENDER_MOTION = 1.000000
RIDE_HEIGHT = [ 6.500000, 6.500000 ]
ROLL_CENTER = 9.500000
SHOCK_BLOWOUT = 8.000000
SHOCK_DIGRESSION = [ 0.100000, 0.100000 ]
SHOCK_EXT_STIFFNESS = [ 60.000000, 65.000000 ]
SHOCK_STIFFNESS = [ 50.000000, 50.000000 ]
SHOCK_VALVING = [ 24.000000, 24.000000 ]
SPRING_PROGRESSION = [ 7.000000, 7.000000 ]
SPRING_STIFFNESS = [ 400.000000, 450.000000 ]
SWAYBAR_STIFFNESS = [ 300.000000, 200.000000 ]
TRAVEL = [ 6.500000, 6.500000 ]

[tires]
DYNAMIC_GRIP = [ 1.815000, 1.825000 ]
GRIP_SCALE = [ 1.000000, 1.000000 ]
STATIC_GRIP = [ 2.125000, 2.150000 ]
STEERING = 1.100000
YAW_CONTROL = [ 0.050000, 0.500000, 0.700000, 1.000000 ]
YAW_SPEED = 0.400000

[transmission]
DIFFERENTIAL = [ 0.725000, 0.725000, 0.000000 ]
TORQUE_SPLIT = 0.000000

[pvehicle]
TENSOR_SCALE = [ 1.000000, 2.000000, 1.000000 ]