[brakes]
BRAKE_LOCK = [ 1.000000, 3.400000 ]
BRAKES = [ 450.000000, 650.000000 ]
EBRAKE = 900.000000

[chassis]
AERO_CG = 48.000000
AERO_COEFFICIENT = 0.270000
DRAG_COEFFICIENT = 0.390000
FRONT_AXLE = 1.180000
FRONT_WEIGHT_BIAS = 53.000000
RENDER_MOTION = 0.500000
RIDE_HEIGHT = [ 5.500000, 5.500000 ]
ROLL_CENTER = 8.750000
SHOCK_BLOWOUT = 8.000000
SHOCK_DIGRESSION = [ 0.200000, 0.200000 ]
SHOCK_EXT_STIFFNESS = [ 75.000000, 77.000000 ]
SHOCK_STIFFNESS = [ 70.000000, 70.000000 ]
SHOCK_VALVING = [ 24.000000, 24.000000 ]
SPRING_PROGRESSION = [ 7.000000, 7.000000 ]
SPRING_STIFFNESS = [ 800.000000, 800.000000 ]
SWAYBAR_STIFFNESS = [ 300.000000, 300.000000 ]
TRACK_WIDTH = [ 1.465000, 1.522000 ]
TRAVEL = [ 6.000000, 6.000000 ]
WHEEL_BASE = 2.650000

[tires]
DYNAMIC_GRIP = [ 2.000000, 2.000000 ]
GRIP_SCALE = [ 1.250000, 1.250000 ]
SECTION_WIDTH = [ 315.000000, 315.000000 ]
STATIC_GRIP = [ 2.250000, 2.250000 ]
STEERING = 1.000000
YAW_CONTROL = [ 0.100000, 0.600000, 1.000000, 1.400000 ]
YAW_SPEED = 0.400000

[transmission]
DIFFERENTIAL = [ 0.725000, 0.750000, 0.000000 ]
TORQUE_SPLIT = 0.000000