[brakes]
BRAKE_LOCK = [ 1.000000, 3.600000 ]
BRAKES = [ 400.000000, 650.000000 ]
EBRAKE = 800.000000

[chassis]
AERO_CG = 48.000000
AERO_COEFFICIENT = 0.240000
DRAG_COEFFICIENT = 0.385000
FRONT_WEIGHT_BIAS = 53.849998
RENDER_MOTION = 1.000000
RIDE_HEIGHT = [ 6.500000, 6.500000 ]
ROLL_CENTER = 9.600000
SHOCK_BLOWOUT = 6.000000
SHOCK_DIGRESSION = [ 0.300000, 0.300000 ]
SHOCK_EXT_STIFFNESS = [ 55.000000, 55.000000 ]
SHOCK_STIFFNESS = [ 50.000000, 50.000000 ]
SHOCK_VALVING = [ 24.000000, 24.000000 ]
SPRING_PROGRESSION = [ 8.800000, 9.000000 ]
SPRING_STIFFNESS = [ 550.000000, 660.000000 ]
SWAYBAR_STIFFNESS = [ 330.000000, 340.000000 ]
TRAVEL = [ 6.500000, 6.500000 ]

[tires]
DYNAMIC_GRIP = [ 1.900000, 2.000000 ]
GRIP_SCALE = [ 1.000000, 1.000000 ]
STATIC_GRIP = [ 2.100000, 2.175000 ]
STEERING = 1.050000
YAW_CONTROL = [ 0.100000, 0.450000, 0.750000, 1.000000 ]
YAW_SPEED = 0.425000

[transmission]
DIFFERENTIAL = [ 0.800000, 0.800000, 0.800000 ]
TORQUE_SPLIT = 0.500000

[pvehicle]
TENSOR_SCALE = [ 1.000000, 2.000000, 1.000000 ]