[brakes]
BRAKE_LOCK = [ 1.000000, 3.500000 ]
BRAKES = [ 300.000000, 400.000000 ]
EBRAKE = 375.000000

[chassis]
AERO_CG = 47.000000
AERO_COEFFICIENT = 0.160000
DRAG_COEFFICIENT = 0.290000
FRONT_WEIGHT_BIAS = 53.200001
RENDER_MOTION = 1.000000
RIDE_HEIGHT = [ 8.000000, 8.000000 ]
ROLL_CENTER = 9.750000
SHOCK_BLOWOUT = 5.000000
SHOCK_DIGRESSION = [ 0.300000, 0.300000 ]
SHOCK_EXT_STIFFNESS = [ 45.000000, 47.000000 ]
SHOCK_STIFFNESS = [ 38.000000, 37.500000 ]
SHOCK_VALVING = [ 17.500000, 17.500000 ]
SPRING_PROGRESSION = [ 6.300000, 6.400000 ]
SPRING_STIFFNESS = [ 360.000000, 375.000000 ]
SWAYBAR_STIFFNESS = [ 250.000000, 200.000000 ]
TRAVEL = [ 7.000000, 7.000000 ]

[tires]
DYNAMIC_GRIP = [ 1.500000, 1.500000 ]
GRIP_SCALE = [ 1.000000, 1.000000 ]
STATIC_GRIP = [ 1.700000, 1.700000 ]
STEERING = 1.000000
YAW_CONTROL = [ 0.100000, 0.500000, 0.700000, 0.100000 ]
YAW_SPEED = 0.350000

[transmission]
DIFFERENTIAL = [ 0.800000, 0.800000, 0.000000 ]
TORQUE_SPLIT = 1.000000

[pvehicle]
TENSOR_SCALE = [ 1.000000, 2.000000, 1.000000 ]