[brakes]
BRAKE_LOCK = [ 1.000000, 3.500000 ]
BRAKES = [ 500.000000, 650.000000 ]
EBRAKE = 850.000000

[chassis]
AERO_CG = 49.799999
AERO_COEFFICIENT = 0.255000
DRAG_COEFFICIENT = 0.400000
FRONT_WEIGHT_BIAS = 53.000000
RENDER_MOTION = 0.500000
RIDE_HEIGHT = [ 8.000000, 8.000000 ]
ROLL_CENTER = 9.000000
SHOCK_BLOWOUT = 5.000000
SHOCK_DIGRESSION = [ 0.100000, 0.100000 ]
SHOCK_EXT_STIFFNESS = [ 72.500000, 80.000000 ]
SHOCK_STIFFNESS = [ 60.000000, 60.000000 ]
SHOCK_VALVING = [ 24.000000, 24.000000 ]
SPRING_PROGRESSION = [ 6.000000, 6.000000 ]
SPRING_STIFFNESS = [ 650.000000, 700.000000 ]
SWAYBAR_STIFFNESS = [ 350.000000, 375.000000 ]
TRAVEL = [ 6.000000, 6.000000 ]

[tires]
DYNAMIC_GRIP = [ 1.800000, 1.800000 ]
GRIP_SCALE = [ 1.100000, 1.100000 ]
STATIC_GRIP = [ 2.000000, 2.050000 ]
STEERING = 1.030000
YAW_CONTROL = [ 0.100000, 0.650000, 0.800000, 1.000000 ]
YAW_SPEED = 0.400000

[transmission]
DIFFERENTIAL = [ 0.850000, 0.850000, 0.000000 ]
TORQUE_SPLIT = 0.000000

[pvehicle]
TENSOR_SCALE = [ 1.000000, 2.000000, 1.000000 ]