[brakes]
BRAKE_LOCK = [ 1.000000, 3.200000 ]
BRAKES = [ 475.000000, 575.000000 ]
EBRAKE = 950.000000

[chassis]
AERO_CG = 47.400002
AERO_COEFFICIENT = 0.245000
DRAG_COEFFICIENT = 0.390000
FRONT_WEIGHT_BIAS = 52.750000
RENDER_MOTION = 0.500000
RIDE_HEIGHT = [ 7.000000, 7.000000 ]
ROLL_CENTER = 9.000000
SHOCK_BLOWOUT = 5.000000
SHOCK_DIGRESSION = [ 0.100000, 0.100000 ]
SHOCK_EXT_STIFFNESS = [ 80.000000, 80.000000 ]
SHOCK_STIFFNESS = [ 65.000000, 75.000000 ]
SHOCK_VALVING = [ 24.000000, 24.000000 ]
SPRING_PROGRESSION = [ 8.000000, 8.500000 ]
SPRING_STIFFNESS = [ 700.000000, 670.000000 ]
SWAYBAR_STIFFNESS = [ 225.000000, 225.000000 ]
TRAVEL = [ 7.000000, 7.000000 ]

[tires]
DYNAMIC_GRIP = [ 1.800000, 1.800000 ]
GRIP_SCALE = [ 1.125000, 1.125000 ]
STATIC_GRIP = [ 2.100000, 2.100000 ]
STEERING = 1.070000
YAW_CONTROL = [ 0.100000, 0.650000, 0.850000, 1.200000 ]
YAW_SPEED = 0.450000

[transmission]
DIFFERENTIAL = [ 0.800000, 0.800000, 0.000000 ]
TORQUE_SPLIT = 0.000000

[pvehicle]
TENSOR_SCALE = [ 1.400000, 2.500000, 1.400000 ]