[brakes]
BRAKE_LOCK = [ 1.000000, 3.250000 ]
BRAKES = [ 500.000000, 650.000000 ]
EBRAKE = 850.000000

[chassis]
AERO_CG = 49.799999
AERO_COEFFICIENT = 0.255000
DRAG_COEFFICIENT = 0.425000
FRONT_AXLE = 1.480000
FRONT_WEIGHT_BIAS = 53.000000
RENDER_MOTION = 0.500000
RIDE_HEIGHT = [ 8.000000, 8.000000 ]
ROLL_CENTER = 9.000000
SHOCK_BLOWOUT = 5.000000
SHOCK_DIGRESSION = [ 0.100000, 0.100000 ]
SHOCK_EXT_STIFFNESS = [ 72.500000, 80.000000 ]
SHOCK_STIFFNESS = [ 60.000000, 60.000000 ]
SHOCK_VALVING = [ 24.000000, 24.000000 ]
SPRING_PROGRESSION = [ 6.000000, 6.000000 ]
SPRING_STIFFNESS = [ 650.000000, 700.000000 ]
SWAYBAR_STIFFNESS = [ 350.000000, 375.000000 ]
TRACK_WIDTH = [ 1.559000, 1.577000 ]
TRAVEL = [ 6.000000, 6.000000 ]
WHEEL_BASE = 2.790000

[tires]
DYNAMIC_GRIP = [ 1.480000, 1.600000 ]
GRIP_SCALE = [ 1.000000, 1.000000 ]
SECTION_WIDTH = [ 245.000000, 245.000000 ]
STATIC_GRIP = [ 1.750000, 1.760000 ]
STEERING = 1.070000
YAW_CONTROL = [ 0.000000, 0.000000, 0.000000, 0.000000 ]
YAW_SPEED = 1.000000

[transmission]
DIFFERENTIAL = [ 0.800000, 0.800000, 0.000000 ]
TORQUE_SPLIT = 0.000000