[brakes]
BRAKE_LOCK = [ 1.000000, 3.300000 ]
BRAKES = [ 400.000000, 650.000000 ]
EBRAKE = 900.000000

[chassis]
AERO_CG = 48.000000
AERO_COEFFICIENT = 0.255000
DRAG_COEFFICIENT = 0.370000
FRONT_WEIGHT_BIAS = 53.000000
RENDER_MOTION = 1.000000
RIDE_HEIGHT = [ 6.000000, 6.000000 ]
ROLL_CENTER = 9.000000
SHOCK_BLOWOUT = 6.000000
SHOCK_DIGRESSION = [ 0.250000, 0.250000 ]
SHOCK_EXT_STIFFNESS = [ 70.000000, 75.000000 ]
SHOCK_STIFFNESS = [ 50.000000, 50.000000 ]
SHOCK_VALVING = [ 18.000000, 18.000000 ]
SPRING_PROGRESSION = [ 8.000000, 8.000000 ]
SPRING_STIFFNESS = [ 600.000000, 580.000000 ]
SWAYBAR_STIFFNESS = [ 500.000000, 470.000000 ]
TRAVEL = [ 6.560000, 6.560000 ]

[tires]
DYNAMIC_GRIP = [ 1.850000, 1.850000 ]
GRIP_SCALE = [ 1.100000, 1.100000 ]
STATIC_GRIP = [ 2.100000, 2.100000 ]
STEERING = 1.050000
YAW_CONTROL = [ 0.100000, 0.500000, 0.800000, 1.200000 ]
YAW_SPEED = 0.350000

[transmission]
DIFFERENTIAL = [ 0.700000, 0.700000, 0.700000 ]
TORQUE_SPLIT = 0.500000

[pvehicle]
TENSOR_SCALE = [ 1.000000, 2.000000, 1.000000 ]