[brakes]
BRAKE_LOCK = [ 1.000000, 3.500000 ]
BRAKES = [ 615.000000, 740.000000 ]
EBRAKE = 700.000000

[chassis]
AERO_CG = 49.000000
AERO_COEFFICIENT = 0.270000
DRAG_COEFFICIENT = 0.420000
FRONT_AXLE = 1.324500
FRONT_WEIGHT_BIAS = 54.000000
RENDER_MOTION = 0.500000
RIDE_HEIGHT = [ 5.500000, 5.500000 ]
ROLL_CENTER = 8.700000
SHOCK_BLOWOUT = 6.000000
SHOCK_DIGRESSION = [ 0.300000, 0.300000 ]
SHOCK_EXT_STIFFNESS = [ 90.000000, 90.000000 ]
SHOCK_STIFFNESS = [ 70.000000, 70.000000 ]
SHOCK_VALVING = [ 24.000000, 24.000000 ]
SPRING_PROGRESSION = [ 7.500000, 8.000000 ]
SPRING_STIFFNESS = [ 700.000000, 700.000000 ]
SWAYBAR_STIFFNESS = [ 500.000000, 500.000000 ]
TRACK_WIDTH = [ 1.635000, 1.695000 ]
TRAVEL = [ 6.100000, 6.100000 ]
WHEEL_BASE = 2.665000

[tires]
DYNAMIC_GRIP = [ 2.000000, 2.000000 ]
GRIP_SCALE = [ 1.100000, 1.120000 ]
SECTION_WIDTH = [ 335.000000, 335.000000 ]
STATIC_GRIP = [ 2.250000, 2.250000 ]
STEERING = 1.000000
YAW_CONTROL = [ 0.100000, 0.500000, 1.000000, 1.200000 ]
YAW_SPEED = 0.375000

[transmission]
DIFFERENTIAL = [ 0.600000, 0.600000, 0.500000 ]
TORQUE_SPLIT = 0.500000