[brakes]
BRAKE_LOCK = [ 1.000000, 3.500000 ]
BRAKES = [ 360.000000, 500.000000 ]
EBRAKE = 550.000000

[chassis]
AERO_CG = 49.700001
AERO_COEFFICIENT = 0.170000
DRAG_COEFFICIENT = 0.330000
FRONT_WEIGHT_BIAS = 53.000000
RENDER_MOTION = 1.000000
RIDE_HEIGHT = [ 9.000000, 9.000000 ]
ROLL_CENTER = 10.500000
SHOCK_BLOWOUT = 6.000000
SHOCK_DIGRESSION = [ 0.350000, 0.350000 ]
SHOCK_EXT_STIFFNESS = [ 60.000000, 55.000000 ]
SHOCK_STIFFNESS = [ 45.000000, 45.000000 ]
SHOCK_VALVING = [ 24.000000, 24.000000 ]
SPRING_PROGRESSION = [ 5.000000, 6.000000 ]
SPRING_STIFFNESS = [ 450.000000, 500.000000 ]
SWAYBAR_STIFFNESS = [ 185.000000, 185.000000 ]
TRAVEL = [ 7.000000, 6.500000 ]

[tires]
DYNAMIC_GRIP = [ 1.600000, 1.650000 ]
GRIP_SCALE = [ 1.000000, 1.000000 ]
STATIC_GRIP = [ 1.850000, 1.850000 ]
STEERING = 1.025000
YAW_CONTROL = [ 0.050000, 0.070000, 0.150000, 0.200000 ]
YAW_SPEED = 0.650000

[transmission]
DIFFERENTIAL = [ 0.800000, 0.800000, 0.000000 ]
TORQUE_SPLIT = 0.000000

[pvehicle]
TENSOR_SCALE = [ 1.000000, 3.500000, 1.000000 ]