[brakes]
BRAKE_LOCK = [ 1.000000, 3.200000 ]
BRAKES = [ 325.000000, 450.000000 ]
EBRAKE = 350.000000

[chassis]
AERO_CG = 48.000000
AERO_COEFFICIENT = 0.130000
DRAG_COEFFICIENT = 0.300000
FRONT_WEIGHT_BIAS = 52.500000
RENDER_MOTION = 1.000000
RIDE_HEIGHT = [ 7.000000, 7.000000 ]
ROLL_CENTER = 10.400000
SHOCK_BLOWOUT = 6.000000
SHOCK_DIGRESSION = [ 0.250000, 0.250000 ]
SHOCK_EXT_STIFFNESS = [ 46.000000, 46.000000 ]
SHOCK_STIFFNESS = [ 35.000000, 35.000000 ]
SHOCK_VALVING = [ 17.000000, 17.000000 ]
SPRING_PROGRESSION = [ 5.000000, 5.000000 ]
SPRING_STIFFNESS = [ 250.000000, 250.000000 ]
SWAYBAR_STIFFNESS = [ 150.000000, 150.000000 ]
TRAVEL = [ 8.000000, 8.000000 ]

[tires]
DYNAMIC_GRIP = [ 1.300000, 1.300000 ]
GRIP_SCALE = [ 1.000000, 1.000000 ]
STATIC_GRIP = [ 1.500000, 1.600000 ]
STEERING = 1.000000
YAW_CONTROL = [ 0.025000, 0.100000, 0.200000, 0.300000 ]
YAW_SPEED = 0.300000

[transmission]
DIFFERENTIAL = [ 0.650000, 0.650000, 0.000000 ]
TORQUE_SPLIT = 1.000000

[pvehicle]
TENSOR_SCALE = [ 1.000000, 2.000000, 1.000000 ]