[brakes]
BRAKE_LOCK = [ 1.000000, 3.000000 ]
BRAKES = [ 330.200012, 430.000000 ]
EBRAKE = 450.000000

[chassis]
AERO_CG = 47.700001
AERO_COEFFICIENT = 0.170000
DRAG_COEFFICIENT = 0.290000
FRONT_WEIGHT_BIAS = 53.000000
RENDER_MOTION = 1.000000
RIDE_HEIGHT = [ 8.000000, 8.000000 ]
ROLL_CENTER = 10.000000
SHOCK_BLOWOUT = 5.000000
SHOCK_DIGRESSION = [ 0.400000, 0.400000 ]
SHOCK_EXT_STIFFNESS = [ 50.000000, 50.000000 ]
SHOCK_STIFFNESS = [ 45.000000, 45.000000 ]
SHOCK_VALVING = [ 15.000000, 15.000000 ]
SPRING_PROGRESSION = [ 5.450000, 5.600000 ]
SPRING_STIFFNESS = [ 450.000000, 450.000000 ]
SWAYBAR_STIFFNESS = [ 200.000000, 300.000000 ]
TRAVEL = [ 7.560000, 7.560000 ]

[tires]
DYNAMIC_GRIP = [ 1.400000, 1.450000 ]
GRIP_SCALE = [ 1.000000, 1.000000 ]
STATIC_GRIP = [ 1.600000, 1.600000 ]
STEERING = 1.080000
YAW_CONTROL = [ 0.050000, 0.060000, 0.073000, 0.080000 ]
YAW_SPEED = 0.700000

[transmission]
DIFFERENTIAL = [ 0.700000, 0.700000, 0.000000 ]
TORQUE_SPLIT = 0.000000

[pvehicle]
TENSOR_SCALE = [ 1.000000, 3.500000, 1.000000 ]