[brakes]
BRAKE_LOCK = [ 1.000000, 3.500000 ]
BRAKES = [ 450.000000, 600.000000 ]
EBRAKE = 800.000000

[chassis]
AERO_CG = 48.650002
AERO_COEFFICIENT = 0.230000
DRAG_COEFFICIENT = 0.330000
FRONT_AXLE = 1.380000
FRONT_WEIGHT_BIAS = 53.000000
RENDER_MOTION = 0.500000
RIDE_HEIGHT = [ 8.000000, 8.000000 ]
ROLL_CENTER = 9.000000
SHOCK_BLOWOUT = 5.000000
SHOCK_DIGRESSION = [ 0.100000, 0.100000 ]
SHOCK_EXT_STIFFNESS = [ 65.000000, 65.000000 ]
SHOCK_STIFFNESS = [ 60.000000, 60.000000 ]
SHOCK_VALVING = [ 20.000000, 20.000000 ]
SPRING_PROGRESSION = [ 7.000000, 7.000000 ]
SPRING_STIFFNESS = [ 600.000000, 650.000000 ]
SWAYBAR_STIFFNESS = [ 150.000000, 150.000000 ]
TRACK_WIDTH = [ 1.461000, 1.461000 ]
TRAVEL = [ 7.000000, 7.000000 ]
WHEEL_BASE = 2.426000

[tires]
DYNAMIC_GRIP = [ 1.600000, 1.600000 ]
GRIP_SCALE = [ 1.000000, 1.000000 ]
SECTION_WIDTH = [ 225.000000, 225.000000 ]
STATIC_GRIP = [ 2.000000, 2.000000 ]
STEERING = 1.000000
YAW_CONTROL = [ 0.100000, 0.400000, 0.800000, 1.000000 ]
YAW_SPEED = 0.700000

[transmission]
DIFFERENTIAL = [ 0.700000, 0.700000, 0.000000 ]
TORQUE_SPLIT = 0.000000