[brakes]
BRAKE_LOCK = [ 1.000000, 3.000000 ]
BRAKES = [ 380.000000, 500.000000 ]
EBRAKE = 500.000000

[chassis]
AERO_CG = 49.500000
AERO_COEFFICIENT = 0.185000
DRAG_COEFFICIENT = 0.350000
FRONT_WEIGHT_BIAS = 52.750000
RENDER_MOTION = 1.000000
RIDE_HEIGHT = [ 6.500000, 6.500000 ]
ROLL_CENTER = 9.000000
SHOCK_BLOWOUT = 6.000000
SHOCK_DIGRESSION = [ 0.400000, 0.400000 ]
SHOCK_EXT_STIFFNESS = [ 60.000000, 60.000000 ]
SHOCK_STIFFNESS = [ 50.000000, 49.000000 ]
SHOCK_VALVING = [ 24.000000, 24.000000 ]
SPRING_PROGRESSION = [ 6.100000, 6.500000 ]
SPRING_STIFFNESS = [ 432.000000, 375.000000 ]
SWAYBAR_STIFFNESS = [ 200.000000, 185.000000 ]
TRAVEL = [ 6.500000, 6.500000 ]

[tires]
DYNAMIC_GRIP = [ 1.600000, 1.600000 ]
GRIP_SCALE = [ 1.000000, 1.000000 ]
STATIC_GRIP = [ 1.800000, 1.800000 ]
STEERING = 1.075000
YAW_CONTROL = [ 0.100000, 0.550000, 0.700000, 1.000000 ]
YAW_SPEED = 0.725000

[transmission]
DIFFERENTIAL = [ 0.800000, 0.800000, 0.000000 ]
TORQUE_SPLIT = 0.000000

[pvehicle]
TENSOR_SCALE = [ 1.050000, 3.600000, 1.050000 ]