[brakes]
BRAKE_LOCK = [ 1.000000, 3.500000 ]
BRAKES = [ 470.000000, 650.000000 ]
EBRAKE = 800.000000

[chassis]
AERO_CG = 49.750000
AERO_COEFFICIENT = 0.255000
DRAG_COEFFICIENT = 0.380000
FRONT_WEIGHT_BIAS = 53.000000
RENDER_MOTION = 0.500000
RIDE_HEIGHT = [ 7.000000, 7.000000 ]
ROLL_CENTER = 9.000000
SHOCK_BLOWOUT = 6.000000
SHOCK_DIGRESSION = [ 0.200000, 0.200000 ]
SHOCK_EXT_STIFFNESS = [ 75.000000, 75.000000 ]
SHOCK_STIFFNESS = [ 65.000000, 65.000000 ]
SHOCK_VALVING = [ 24.000000, 24.000000 ]
SPRING_PROGRESSION = [ 7.500000, 7.500000 ]
SPRING_STIFFNESS = [ 650.000000, 650.000000 ]
SWAYBAR_STIFFNESS = [ 350.000000, 350.000000 ]
TRAVEL = [ 7.000000, 7.000000 ]

[tires]
DYNAMIC_GRIP = [ 1.800000, 1.800000 ]
GRIP_SCALE = [ 1.000000, 1.000000 ]
STATIC_GRIP = [ 2.000000, 2.000000 ]
STEERING = 1.075000
YAW_CONTROL = [ 0.100000, 0.450000, 0.800000, 1.000000 ]
YAW_SPEED = 0.400000

[transmission]
DIFFERENTIAL = [ 0.725000, 0.675000, 0.000000 ]
TORQUE_SPLIT = 0.000000

[pvehicle]
TENSOR_SCALE = [ 1.000000, 2.000000, 1.000000 ]