[brakes]
BRAKE_LOCK = [ 1.000000, 3.500000 ]
BRAKES = [ 345.000000, 420.000000 ]
EBRAKE = 525.000000

[chassis]
AERO_CG = 49.750000
AERO_COEFFICIENT = 0.195000
DRAG_COEFFICIENT = 0.290000
FRONT_WEIGHT_BIAS = 53.000000
RENDER_MOTION = 1.000000
RIDE_HEIGHT = [ 7.000000, 7.000000 ]
ROLL_CENTER = 9.500000
SHOCK_BLOWOUT = 6.000000
SHOCK_DIGRESSION = [ 0.400000, 0.400000 ]
SHOCK_EXT_STIFFNESS = [ 71.000000, 60.000000 ]
SHOCK_STIFFNESS = [ 60.000000, 50.000000 ]
SHOCK_VALVING = [ 20.000000, 20.000000 ]
SPRING_PROGRESSION = [ 7.200000, 7.000000 ]
SPRING_STIFFNESS = [ 475.000000, 475.000000 ]
SWAYBAR_STIFFNESS = [ 250.000000, 250.000000 ]
TRAVEL = [ 7.000000, 7.000000 ]

[tires]
DYNAMIC_GRIP = [ 1.450000, 1.500000 ]
GRIP_SCALE = [ 1.000000, 1.000000 ]
STATIC_GRIP = [ 1.750000, 1.750000 ]
STEERING = 1.050000
YAW_CONTROL = [ 0.100000, 0.550000, 0.650000, 0.850000 ]
YAW_SPEED = 0.400000

[transmission]
DIFFERENTIAL = [ 0.725000, 0.725000, 0.000000 ]
TORQUE_SPLIT = 0.000000

[pvehicle]
TENSOR_SCALE = [ 1.000000, 2.000000, 1.000000 ]