[brakes]
BRAKE_LOCK = [ 1.000000, 3.300000 ]
BRAKES = [ 500.000000, 675.000000 ]
EBRAKE = 850.000000

[chassis]
AERO_CG = 48.000000
AERO_COEFFICIENT = 0.250000
DRAG_COEFFICIENT = 0.370000
FRONT_WEIGHT_BIAS = 52.849998
RENDER_MOTION = 1.000000
RIDE_HEIGHT = [ 7.000000, 7.000000 ]
ROLL_CENTER = 8.700000
SHOCK_BLOWOUT = 8.000000
SHOCK_DIGRESSION = [ 0.300000, 0.300000 ]
SHOCK_EXT_STIFFNESS = [ 75.000000, 75.000000 ]
SHOCK_STIFFNESS = [ 50.000000, 50.000000 ]
SHOCK_VALVING = [ 24.000000, 24.000000 ]
SPRING_PROGRESSION = [ 7.750000, 7.500000 ]
SPRING_STIFFNESS = [ 620.000000, 675.000000 ]
SWAYBAR_STIFFNESS = [ 250.000000, 250.000000 ]
TRAVEL = [ 6.000000, 6.000000 ]

[tires]
DYNAMIC_GRIP = [ 1.850000, 1.850000 ]
GRIP_SCALE = [ 1.050000, 1.085000 ]
STATIC_GRIP = [ 2.150000, 2.100000 ]
STEERING = 1.000000
YAW_CONTROL = [ 0.100000, 0.500000, 1.000000, 1.200000 ]
YAW_SPEED = 0.400000

[transmission]
DIFFERENTIAL = [ 0.700000, 0.700000, 0.000000 ]
TORQUE_SPLIT = 0.000000

[pvehicle]
TENSOR_SCALE = [ 1.000000, 2.000000, 1.000000 ]