[brakes]
BRAKE_LOCK = [ 1.000000, 3.000000 ]
BRAKES = [ 475.000000, 575.000000 ]
EBRAKE = 850.000000

[chassis]
AERO_CG = 49.000000
AERO_COEFFICIENT = 0.230000
DRAG_COEFFICIENT = 0.420000
FRONT_WEIGHT_BIAS = 53.799999
RENDER_MOTION = 1.000000
RIDE_HEIGHT = [ 7.000000, 7.000000 ]
ROLL_CENTER = 9.000000
SHOCK_BLOWOUT = 6.000000
SHOCK_DIGRESSION = [ 0.300000, 0.300000 ]
SHOCK_EXT_STIFFNESS = [ 67.000000, 67.000000 ]
SHOCK_STIFFNESS = [ 50.000000, 50.000000 ]
SHOCK_VALVING = [ 20.000000, 20.000000 ]
SPRING_PROGRESSION = [ 7.000000, 8.000000 ]
SPRING_STIFFNESS = [ 525.000000, 550.000000 ]
SWAYBAR_STIFFNESS = [ 300.000000, 350.000000 ]
TRAVEL = [ 7.000000, 7.000000 ]

[tires]
DYNAMIC_GRIP = [ 1.850000, 1.850000 ]
GRIP_SCALE = [ 1.150000, 1.140000 ]
STATIC_GRIP = [ 2.100000, 2.100000 ]
STEERING = 1.040000
YAW_CONTROL = [ 0.100000, 0.300000, 0.500000, 1.000000 ]
YAW_SPEED = 0.450000

[transmission]
DIFFERENTIAL = [ 0.800000, 0.800000, 0.000000 ]
TORQUE_SPLIT = 0.000000

[pvehicle]
TENSOR_SCALE = [ 1.000000, 2.000000, 1.000000 ]