[brakes]
BRAKE_LOCK = [ 1.000000, 3.100000 ]
BRAKES = [ 350.000000, 480.000000 ]
EBRAKE = 600.000000

[chassis]
AERO_CG = 49.000000
AERO_COEFFICIENT = 0.185000
DRAG_COEFFICIENT = 0.290000
FRONT_WEIGHT_BIAS = 53.000000
RENDER_MOTION = 1.000000
RIDE_HEIGHT = [ 8.000000, 8.000000 ]
ROLL_CENTER = 9.500000
SHOCK_BLOWOUT = 8.000000
SHOCK_DIGRESSION = [ 0.500000, 0.500000 ]
SHOCK_EXT_STIFFNESS = [ 60.000000, 60.000000 ]
SHOCK_STIFFNESS = [ 40.000000, 40.000000 ]
SHOCK_VALVING = [ 20.000000, 20.000000 ]
SPRING_PROGRESSION = [ 7.000000, 7.000000 ]
SPRING_STIFFNESS = [ 300.000000, 300.000000 ]
SWAYBAR_STIFFNESS = [ 300.000000, 300.000000 ]
TRAVEL = [ 7.500000, 7.500000 ]

[tires]
DYNAMIC_GRIP = [ 1.500000, 1.500000 ]
GRIP_SCALE = [ 1.000000, 1.000000 ]
STATIC_GRIP = [ 1.700000, 1.700000 ]
STEERING = 1.050000
YAW_CONTROL = [ 0.050000, 0.350000, 0.500000, 0.700000 ]
YAW_SPEED = 0.480000

[transmission]
DIFFERENTIAL = [ 0.850000, 0.850000, 0.000000 ]
TORQUE_SPLIT = 0.000000

[pvehicle]
TENSOR_SCALE = [ 1.000000, 2.000000, 1.000000 ]