[brakes]
BRAKE_LOCK = [ 1.000000, 3.300000 ]
BRAKES = [ 360.000000, 520.000000 ]
EBRAKE = 550.000000

[chassis]
AERO_CG = 46.500000
AERO_COEFFICIENT = 0.200000
DRAG_COEFFICIENT = 0.345000
FRONT_WEIGHT_BIAS = 53.000000
RENDER_MOTION = 1.000000
RIDE_HEIGHT = [ 8.850000, 8.850000 ]
ROLL_CENTER = 9.750000
SHOCK_BLOWOUT = 8.000000
SHOCK_DIGRESSION = [ 0.300000, 0.300000 ]
SHOCK_EXT_STIFFNESS = [ 45.000000, 45.000000 ]
SHOCK_STIFFNESS = [ 42.000000, 40.000000 ]
SHOCK_VALVING = [ 24.000000, 24.000000 ]
SPRING_PROGRESSION = [ 7.000000, 7.000000 ]
SPRING_STIFFNESS = [ 450.000000, 425.000000 ]
SWAYBAR_STIFFNESS = [ 270.000000, 260.000000 ]
TRAVEL = [ 6.500000, 6.500000 ]

[tires]
DYNAMIC_GRIP = [ 1.500000, 1.620000 ]
GRIP_SCALE = [ 1.000000, 1.000000 ]
STATIC_GRIP = [ 1.700000, 1.850000 ]
STEERING = 1.000000
YAW_CONTROL = [ 0.045000, 0.200000, 0.300000, 0.400000 ]
YAW_SPEED = 0.400000

[transmission]
DIFFERENTIAL = [ 0.700000, 0.700000, 0.700000 ]
TORQUE_SPLIT = 0.500000

[pvehicle]
TENSOR_SCALE = [ 1.000000, 2.000000, 1.000000 ]