[brakes]
BRAKE_LOCK = [ 1.000000, 3.500000 ]
BRAKES = [ 368.799988, 600.000000 ]
EBRAKE = 700.000000

[chassis]
AERO_CG = 46.500000
AERO_COEFFICIENT = 0.185000
DRAG_COEFFICIENT = 0.350000
FRONT_WEIGHT_BIAS = 52.500000
RENDER_MOTION = 1.000000
RIDE_HEIGHT = [ 7.100000, 7.100000 ]
ROLL_CENTER = 10.000000
SHOCK_BLOWOUT = 6.000000
SHOCK_DIGRESSION = [ 0.100000, 0.100000 ]
SHOCK_EXT_STIFFNESS = [ 50.000000, 50.000000 ]
SHOCK_STIFFNESS = [ 45.000000, 45.000000 ]
SHOCK_VALVING = [ 24.000000, 24.000000 ]
SPRING_PROGRESSION = [ 6.500000, 7.000000 ]
SPRING_STIFFNESS = [ 400.000000, 400.000000 ]
SWAYBAR_STIFFNESS = [ 150.000000, 200.000000 ]
TRAVEL = [ 6.000000, 6.000000 ]

[tires]
DYNAMIC_GRIP = [ 1.750000, 1.750000 ]
GRIP_SCALE = [ 1.150000, 1.150000 ]
STATIC_GRIP = [ 1.900000, 1.900000 ]
STEERING = 1.050000
YAW_CONTROL = [ 0.100000, 0.300000, 0.500000, 0.600000 ]
YAW_SPEED = 0.400000

[transmission]
DIFFERENTIAL = [ 0.850000, 0.850000, 0.000000 ]
TORQUE_SPLIT = 0.000000

[pvehicle]
TENSOR_SCALE = [ 1.000000, 2.000000, 1.000000 ]