[pvehicle]
TENSOR_SCALE = [ 1.000000, 2.000000, 1.000000 ]

[brakes]
BRAKE_LOCK = [ 1.000000, 3.250000 ]
BRAKES = [ 500.000000, 550.000000 ]
EBRAKE = 700.000000

[chassis]
AERO_CG = 46.000000
AERO_COEFFICIENT = 0.232500
DRAG_COEFFICIENT = 0.415000
FRONT_WEIGHT_BIAS = 55.000000
RENDER_MOTION = 0.650000
RIDE_HEIGHT = [ 8.000000, 8.000000 ]
ROLL_CENTER = 10.000000
SHOCK_BLOWOUT = 5.000000
SHOCK_DIGRESSION = [ 0.300000, 0.300000 ]
SHOCK_EXT_STIFFNESS = [ 78.000000, 78.000000 ]
SHOCK_STIFFNESS = [ 65.000000, 57.000000 ]
SHOCK_VALVING = [ 17.000000, 17.000000 ]
SPRING_PROGRESSION = [ 8.000000, 7.500000 ]
SPRING_STIFFNESS = [ 750.000000, 675.000000 ]
SWAYBAR_STIFFNESS = [ 300.000000, 300.000000 ]
TRAVEL = [ 6.750000, 6.750000 ]

[tires]
DYNAMIC_GRIP = [ 1.700000, 1.800000 ]
GRIP_SCALE = [ 1.100000, 1.100000 ]
STATIC_GRIP = [ 1.900000, 2.000000 ]
STEERING = 1.020000
YAW_CONTROL = [ 0.250000, 0.650000, 0.850000, 1.250000 ]
YAW_SPEED = 0.300000

[transmission]
DIFFERENTIAL = [ 0.000000, 0.850000, 0.000000 ]
TORQUE_SPLIT = 0.000000