[pvehicle]
TENSOR_SCALE = [ 1.000000, 2.000000, 1.000000 ]

[brakes]
BRAKE_LOCK = [ 1.000000, 3.000000 ]
BRAKES = [ 450.000000, 500.000000 ]
EBRAKE = 500.000000

[chassis]
AERO_CG = 47.000000
AERO_COEFFICIENT = 0.190000
DRAG_COEFFICIENT = 0.300000
FRONT_WEIGHT_BIAS = 53.000000
RENDER_MOTION = 1.000000
RIDE_HEIGHT = [ 8.500000, 8.500000 ]
ROLL_CENTER = 12.000000
SHOCK_BLOWOUT = 5.000000
SHOCK_DIGRESSION = [ 0.500000, 0.500000 ]
SHOCK_EXT_STIFFNESS = [ 55.000000, 60.000000 ]
SHOCK_STIFFNESS = [ 40.000000, 35.000000 ]
SHOCK_VALVING = [ 18.500000, 18.500000 ]
SPRING_PROGRESSION = [ 6.750000, 6.000000 ]
SPRING_STIFFNESS = [ 500.000000, 400.000000 ]
SWAYBAR_STIFFNESS = [ 275.000000, 225.000000 ]
TRAVEL = [ 7.000000, 7.000000 ]

[tires]
DYNAMIC_GRIP = [ 1.300000, 1.500000 ]
GRIP_SCALE = [ 1.025000, 1.050000 ]
STATIC_GRIP = [ 1.500000, 1.700000 ]
STEERING = 1.000000
YAW_CONTROL = [ 0.300000, 0.600000, 1.000000, 1.200000 ]
YAW_SPEED = 0.300000

[transmission]
DIFFERENTIAL = [ 0.000000, 0.650000, 0.000000 ]
TORQUE_SPLIT = 0.000000