[pvehicle]
MASS = 1238.000000
TENSOR_SCALE = [ 1.000000, 2.000000, 1.000000, 0.000000 ]

[brakes]
BRAKE_LOCK = [ 1.000000, 3.000000 ]
BRAKES = [ 450.000000, 500.000000 ]
EBRAKE = 500.000000

[chassis]
AERO_CG = 47.000000
AERO_COEFFICIENT = 0.190000
DIVE_SPEED = 1.000000
DRAG_COEFFICIENT = 0.300000
FRONT_AXLE = 1.250000
FRONT_WEIGHT_BIAS = 53.000000
RENDER_MOTION = 1.000000
RIDE_HEIGHT = [ 8.500000, 8.500000 ]
ROLL_CENTER = 12.000000
ROLL_SPEED = 1.000000
SHOCK_BLOWOUT = 5.000000
SHOCK_DIGRESSION = [ 0.500000, 0.500000 ]
SHOCK_EXT_STIFFNESS = [ 55.000000, 60.000000 ]
SHOCK_STIFFNESS = [ 40.000000, 35.000000 ]
SHOCK_VALVING = [ 18.500000, 18.500000 ]
SPRING_PROGRESSION = [ 6.750000, 6.000000 ]
SPRING_STIFFNESS = [ 500.000000, 400.000000 ]
SQUAT_SPEED = 1.000000
SWAYBAR_STIFFNESS = [ 275.000000, 225.000000 ]
TRACK_WIDTH = [ 1.425000, 1.425000 ]
TRAVEL = [ 7.000000, 7.000000 ]
WHEEL_BASE = 2.426000

[engine]
ENGINE_BRAKING = [ 0.700000, 0.800000, 0.900000 ]
FLYWHEEL_MASS = 12.000000
IDLE = 800.000000
MAX_RPM = 7000.000000
RED_LINE = 6000.000000
TORQUE = [ 110.000000, 151.000000, 194.000000, 260.000000, 259.000000, 229.000000, 198.000000, 175.000000, 157.000000 ]

[induction]
HIGH_BOOST = 0.050000
LOW_BOOST = 0.050000
PSI = 13.000000
SPOOL = 0.200000
SPOOL_TIME_DOWN = 0.250000
SPOOL_TIME_UP = 2.500000
VACUUM = -0.050000

[tires]
ASPECT_RATIO = [ 50.000000, 50.000000 ]
DRIFT_COUNTER_STEER_BUILDUP = 1.650000
DRIFT_COUNTER_STEER_REDUCTION = 3.000000
DRIFT_ELLIPSE_RATIO = [ 0.600000, 0.600000, 0.600000, 0.500000, 0.500000, 0.450000, 0.500000, 0.550000, 0.600000, 0.600000 ]
DRIFT_LATERAL_FORCE = 60.000000
DRIFT_MAINTAIN_SPEED_FORCE = 2300.000000
DYNAMIC_GRIP = [ 1.300000, 1.500000 ]
GRIP_SCALE = [ 1.025000, 1.050000 ]
RIM_SIZE = [ 15.000000, 15.000000 ]
SECTION_WIDTH = [ 225.000000, 225.000000 ]
STATIC_GRIP = [ 1.500000, 1.700000 ]
STEERING = 1.000000
YAW_CONTROL = [ 0.300000, 0.600000, 1.000000, 1.200000 ]
YAW_SPEED = 0.300000
DRIFT_ADDITIONAL_YAW_CONTROL = [ 5.500000, 5.000000, 5.000000, 5.000000, 5.000000, 5.000000, 5.000000, 5.000000, 4.500000, 4.000000 ]
DRIFT_YAW_CONTROL = [ 0.250000, 0.350000, 0.450000, 0.650000, 0.750000, 1.000000, 1.500000, 1.500000, 1.500000, 1.500000 ]
STEERING_RANGE = [ 48.599998, 16.200001, 11.880000, 8.640000, 7.560000, 7.560000, 7.560000, 7.560000, 7.560000, 7.560000 ]

[transmission]
CLUTCH_SLIP = 0.800000
DIFFERENTIAL = [ 0.000000, 0.650000, 0.000000 ]
FINAL_GEAR = 3.600000
GEAR_EFFICIENCY = [ 1.000000, 1.000000, 1.000000, 1.000000, 1.000000, 1.000000, 1.000000, 1.000000, 1.000000 ]
GEAR_RATIO = [ 2.800000, 0.000000, 3.320000, 1.902000, 1.308000, 1.000000, 0.750000, 0.000000, 0.000000 ]
OPTIMAL_SHIFT = 500.000000
SHIFT_SPEED = 0.100000
TORQUE_CONVERTER = 0.500000
TORQUE_SPLIT = 0.000000