[pvehicle]
TENSOR_SCALE = [ 1.000000, 2.000000, 1.000000 ]

[brakes]
BRAKE_LOCK = [ 1.000000, 3.250000 ]
BRAKES = [ 475.000000, 525.000000 ]
EBRAKE = 600.000000

[chassis]
AERO_CG = 49.000000
AERO_COEFFICIENT = 0.155000
DRAG_COEFFICIENT = 0.400000
FRONT_WEIGHT_BIAS = 51.500000
RENDER_MOTION = 1.000000
RIDE_HEIGHT = [ 8.000000, 8.000000 ]
ROLL_CENTER = 13.500000
SHOCK_BLOWOUT = 6.000000
SHOCK_DIGRESSION = [ 0.300000, 0.300000 ]
SHOCK_EXT_STIFFNESS = [ 55.000000, 60.000000 ]
SHOCK_STIFFNESS = [ 45.000000, 50.000000 ]
SHOCK_VALVING = [ 17.000000, 17.000000 ]
SPRING_PROGRESSION = [ 5.500000, 6.000000 ]
SPRING_STIFFNESS = [ 425.000000, 500.000000 ]
SWAYBAR_STIFFNESS = [ 225.000000, 265.000000 ]
TRAVEL = [ 7.500000, 7.500000 ]

[tires]
DYNAMIC_GRIP = [ 1.300000, 1.300000 ]
GRIP_SCALE = [ 1.000000, 1.000000 ]
STATIC_GRIP = [ 1.500000, 1.570000 ]
STEERING = 0.950000
YAW_CONTROL = [ 0.100000, 0.250000, 0.350000, 0.450000 ]
YAW_SPEED = 0.300000

[transmission]
DIFFERENTIAL = [ 0.000000, 0.650000, 0.000000 ]
TORQUE_SPLIT = 0.000000