[pvehicle]
MASS = 1888.000000
TENSOR_SCALE = [ 1.000000, 2.000000, 1.000000, 0.000000 ]

[brakes]
BRAKE_LOCK = [ 1.000000, 3.250000 ]
BRAKES = [ 475.000000, 525.000000 ]
EBRAKE = 600.000000

[chassis]
AERO_CG = 49.000000
AERO_COEFFICIENT = 0.155000
DIVE_SPEED = 1.000000
DRAG_COEFFICIENT = 0.400000
FRONT_AXLE = 1.650000
FRONT_WEIGHT_BIAS = 51.500000
RENDER_MOTION = 1.000000
RIDE_HEIGHT = [ 8.000000, 8.000000 ]
ROLL_CENTER = 13.500000
ROLL_SPEED = 1.000000
SHOCK_BLOWOUT = 6.000000
SHOCK_DIGRESSION = [ 0.300000, 0.300000 ]
SHOCK_EXT_STIFFNESS = [ 55.000000, 60.000000 ]
SHOCK_STIFFNESS = [ 45.000000, 50.000000 ]
SHOCK_VALVING = [ 17.000000, 17.000000 ]
SPRING_PROGRESSION = [ 5.500000, 6.000000 ]
SPRING_STIFFNESS = [ 425.000000, 500.000000 ]
SQUAT_SPEED = 1.000000
SWAYBAR_STIFFNESS = [ 225.000000, 265.000000 ]
TRACK_WIDTH = [ 1.600000, 1.603000 ]
TRAVEL = [ 7.500000, 7.500000 ]
WHEEL_BASE = 3.048000

[engine]
ENGINE_BRAKING = [ 0.700000, 0.800000, 0.900000 ]
FLYWHEEL_MASS = 14.000000
IDLE = 800.000000
MAX_RPM = 7200.000000
RED_LINE = 6200.000000
TORQUE = [ 90.000000, 158.000000, 270.000000, 378.000000, 365.000000, 333.000000, 297.000000, 261.000000, 234.000000 ]

[induction]
HIGH_BOOST = 0.000000
LOW_BOOST = 0.000000
PSI = 0.000000
SPOOL = 0.000000
SPOOL_TIME_DOWN = 0.000000
SPOOL_TIME_UP = 0.000000
VACUUM = 0.000000

[tires]
ASPECT_RATIO = [ 45.000000, 45.000000 ]
DRIFT_COUNTER_STEER_BUILDUP = 2.500000
DRIFT_COUNTER_STEER_REDUCTION = 5.000000
DRIFT_ELLIPSE_RATIO = [ 0.600000, 0.600000, 0.600000, 0.600000, 0.500000, 0.500000, 0.500000, 0.600000, 0.600000, 0.600000 ]
DRIFT_LATERAL_FORCE = 67.500000
DRIFT_MAINTAIN_SPEED_FORCE = 1200.000000
DYNAMIC_GRIP = [ 1.300000, 1.300000 ]
GRIP_SCALE = [ 1.000000, 1.000000 ]
RIM_SIZE = [ 20.000000, 20.000000 ]
SECTION_WIDTH = [ 255.000000, 255.000000 ]
STATIC_GRIP = [ 1.500000, 1.570000 ]
STEERING = 0.950000
YAW_CONTROL = [ 0.100000, 0.250000, 0.350000, 0.450000 ]
YAW_SPEED = 0.300000
DRIFT_ADDITIONAL_YAW_CONTROL = [ 4.750000, 4.250000, 3.750000, 3.500000, 3.250000, 3.500000, 3.750000, 4.000000, 3.750000, 3.250000 ]
DRIFT_YAW_CONTROL = [ 0.200000, 0.250000, 0.450000, 0.750000, 0.850000, 1.000000, 1.250000, 1.500000, 1.500000, 1.500000 ]
STEERING_RANGE = [ 48.150002, 16.049999, 11.770000, 8.560000, 7.490000, 7.490000, 7.490000, 7.490000, 7.490000, 7.490000 ]

[transmission]
CLUTCH_SLIP = 0.800000
DIFFERENTIAL = [ 0.000000, 0.650000, 0.000000 ]
FINAL_GEAR = 4.250000
GEAR_EFFICIENCY = [ 1.000000, 1.000000, 0.915000, 0.900000, 1.000000, 1.000000, 1.000000, 1.000000, 1.000000 ]
GEAR_RATIO = [ 2.800000, 0.000000, 3.590000, 2.190000, 1.410000, 1.050000, 0.830000, 0.000000, 0.000000 ]
OPTIMAL_SHIFT = 500.000000
SHIFT_SPEED = 0.250000
TORQUE_CONVERTER = 0.700000
TORQUE_SPLIT = 0.000000