[pvehicle]
MASS = 1456.900024
TENSOR_SCALE = [ 1.000000, 2.000000, 1.000000, 0.000000 ]

[brakes]
BRAKE_LOCK = [ 1.000000, 3.500000 ]
BRAKES = [ 340.000000, 560.000000 ]
EBRAKE = 700.000000

[chassis]
AERO_CG = 45.000000
AERO_COEFFICIENT = 0.220000
DIVE_SPEED = 1.000000
DRAG_COEFFICIENT = 0.310000
FRONT_AXLE = 1.405000
FRONT_WEIGHT_BIAS = 54.250000
RENDER_MOTION = 1.000000
RIDE_HEIGHT = [ 7.750000, 7.750000 ]
ROLL_CENTER = 9.000000
ROLL_SPEED = 1.000000
SHOCK_BLOWOUT = 6.000000
SHOCK_DIGRESSION = [ 0.350000, 0.350000 ]
SHOCK_EXT_STIFFNESS = [ 60.000000, 62.500000 ]
SHOCK_STIFFNESS = [ 50.000000, 55.000000 ]
SHOCK_VALVING = [ 20.500000, 20.500000 ]
SPRING_PROGRESSION = [ 6.350000, 7.500000 ]
SPRING_STIFFNESS = [ 600.000000, 575.000000 ]
SQUAT_SPEED = 1.000000
SWAYBAR_STIFFNESS = [ 210.000000, 275.000000 ]
TRACK_WIDTH = [ 1.534000, 1.500000 ]
TRAVEL = [ 7.000000, 7.000000 ]
WHEEL_BASE = 2.660000

[engine]
ENGINE_BRAKING = [ 0.700000, 0.800000, 0.900000 ]
FLYWHEEL_MASS = 14.000000
IDLE = 800.000000
MAX_RPM = 8000.000000
RED_LINE = 7000.000000
TORQUE = [ 84.000000, 131.000000, 189.000000, 263.000000, 288.000000, 257.000000, 226.000000, 200.000000, 184.000000 ]

[induction]
HIGH_BOOST = 0.100000
LOW_BOOST = 0.100000
PSI = 11.000000
SPOOL = 0.250000
SPOOL_TIME_DOWN = 0.250000
SPOOL_TIME_UP = 2.650000
VACUUM = -0.150000

[tires]
ASPECT_RATIO = [ 35.000000, 35.000000 ]
DRIFT_COUNTER_STEER_BUILDUP = 1.650000
DRIFT_COUNTER_STEER_REDUCTION = 3.000000
DRIFT_ELLIPSE_RATIO = [ 0.600000, 0.600000, 0.600000, 0.500000, 0.500000, 0.450000, 0.500000, 0.550000, 0.600000, 0.600000 ]
DRIFT_LATERAL_FORCE = 60.000000
DRIFT_MAINTAIN_SPEED_FORCE = 2300.000000
DYNAMIC_GRIP = [ 1.550000, 1.550000 ]
GRIP_SCALE = [ 1.000000, 1.000000 ]
RIM_SIZE = [ 19.000000, 19.000000 ]
SECTION_WIDTH = [ 265.000000, 265.000000 ]
STATIC_GRIP = [ 1.750000, 1.900000 ]
STEERING = 0.950000
YAW_CONTROL = [ 0.250000, 0.650000, 1.000000, 1.050000 ]
YAW_SPEED = 0.350000
DRIFT_ADDITIONAL_YAW_CONTROL = [ 5.500000, 5.000000, 5.000000, 5.000000, 5.000000, 5.000000, 5.000000, 5.000000, 4.500000, 4.000000 ]
DRIFT_YAW_CONTROL = [ 0.500000, 0.500000, 0.700000, 1.100000, 1.200000, 1.250000, 1.500000, 1.500000, 1.500000, 1.500000 ]
STEERING_RANGE = [ 45.000000, 15.000000, 11.000000, 8.000000, 7.000000, 7.000000, 7.000000, 7.000000, 7.000000, 7.000000 ]

[transmission]
CLUTCH_SLIP = 0.800000
DIFFERENTIAL = [ 0.000000, 0.850000, 0.000000 ]
FINAL_GEAR = 3.850000
GEAR_EFFICIENCY = [ 1.000000, 1.000000, 1.000000, 1.000000, 1.000000, 1.000000, 1.000000, 1.000000, 1.000000 ]
GEAR_RATIO = [ 3.000000, 0.000000, 3.500000, 2.250000, 1.620000, 1.260000, 1.025000, 0.850000, 0.000000 ]
OPTIMAL_SHIFT = 500.000000
SHIFT_SPEED = 0.250000
TORQUE_CONVERTER = 1.500000
TORQUE_SPLIT = 0.000000