[pvehicle]
TENSOR_SCALE = [ 1.000000, 2.000000, 1.000000 ]

[brakes]
BRAKE_LOCK = [ 1.000000, 3.500000 ]
BRAKES = [ 340.000000, 560.000000 ]
EBRAKE = 700.000000

[chassis]
AERO_CG = 45.000000
AERO_COEFFICIENT = 0.220000
DRAG_COEFFICIENT = 0.310000
FRONT_WEIGHT_BIAS = 54.250000
RENDER_MOTION = 1.000000
RIDE_HEIGHT = [ 7.750000, 7.750000 ]
ROLL_CENTER = 9.000000
SHOCK_BLOWOUT = 6.000000
SHOCK_DIGRESSION = [ 0.350000, 0.350000 ]
SHOCK_EXT_STIFFNESS = [ 60.000000, 62.500000 ]
SHOCK_STIFFNESS = [ 50.000000, 55.000000 ]
SHOCK_VALVING = [ 20.500000, 20.500000 ]
SPRING_PROGRESSION = [ 6.350000, 7.500000 ]
SPRING_STIFFNESS = [ 600.000000, 575.000000 ]
SWAYBAR_STIFFNESS = [ 210.000000, 275.000000 ]
TRAVEL = [ 7.000000, 7.000000 ]

[tires]
DYNAMIC_GRIP = [ 1.550000, 1.550000 ]
GRIP_SCALE = [ 1.000000, 1.000000 ]
STATIC_GRIP = [ 1.750000, 1.900000 ]
STEERING = 0.950000
YAW_CONTROL = [ 0.250000, 0.650000, 1.000000, 1.050000 ]
YAW_SPEED = 0.350000

[transmission]
DIFFERENTIAL = [ 0.000000, 0.850000, 0.000000 ]
TORQUE_SPLIT = 0.000000