[pvehicle]
MASS = 1360.000000
TENSOR_SCALE = [ 1.000000, 2.000000, 1.000000, 0.000000 ]

[brakes]
BRAKE_LOCK = [ 1.000000, 3.300000 ]
BRAKES = [ 475.000000, 575.000000 ]
EBRAKE = 800.000000

[chassis]
AERO_CG = 45.000000
AERO_COEFFICIENT = 0.270000
DIVE_SPEED = 1.000000
DRAG_COEFFICIENT = 0.300000
FRONT_AXLE = 1.180000
FRONT_WEIGHT_BIAS = 54.299999
RENDER_MOTION = 1.000000
RIDE_HEIGHT = [ 9.000000, 9.000000 ]
ROLL_CENTER = 10.000000
ROLL_SPEED = 1.000000
SHOCK_BLOWOUT = 6.000000
SHOCK_DIGRESSION = [ 0.400000, 0.400000 ]
SHOCK_EXT_STIFFNESS = [ 85.000000, 85.000000 ]
SHOCK_STIFFNESS = [ 70.000000, 75.000000 ]
SHOCK_VALVING = [ 19.500000, 19.500000 ]
SPRING_PROGRESSION = [ 7.000000, 7.300000 ]
SPRING_STIFFNESS = [ 650.000000, 610.000000 ]
SQUAT_SPEED = 1.000000
SWAYBAR_STIFFNESS = [ 275.000000, 300.000000 ]
TRACK_WIDTH = [ 1.485000, 1.495000 ]
TRAVEL = [ 6.000000, 6.000000 ]
WHEEL_BASE = 2.355000

[engine]
ENGINE_BRAKING = [ 0.700000, 0.800000, 0.900000 ]
FLYWHEEL_MASS = 12.000000
IDLE = 900.000000
MAX_RPM = 9200.000000
RED_LINE = 8200.000000
TORQUE = [ 175.000000, 261.000000, 359.000000, 403.000000, 380.000000, 334.000000, 289.000000, 254.000000, 228.000000 ]

[induction]
HIGH_BOOST = 0.150000
LOW_BOOST = 0.150000
PSI = 12.000000
SPOOL = 0.250000
SPOOL_TIME_DOWN = 0.250000
SPOOL_TIME_UP = 2.500000
VACUUM = -0.020000

[tires]
ASPECT_RATIO = [ 30.000000, 30.000000 ]
DRIFT_COUNTER_STEER_BUILDUP = 1.800000
DRIFT_COUNTER_STEER_REDUCTION = 5.000000
DRIFT_ELLIPSE_RATIO = [ 0.500000, 0.500000, 0.500000, 0.400000, 0.400000, 0.450000, 0.450000, 0.500000, 0.500000, 0.500000 ]
DRIFT_LATERAL_FORCE = 55.000000
DRIFT_MAINTAIN_SPEED_FORCE = 1000.000000
DYNAMIC_GRIP = [ 1.600000, 1.800000 ]
GRIP_SCALE = [ 1.000000, 1.060000 ]
RIM_SIZE = [ 18.000000, 18.000000 ]
SECTION_WIDTH = [ 295.000000, 295.000000 ]
STATIC_GRIP = [ 1.800000, 2.000000 ]
STEERING = 1.050000
YAW_CONTROL = [ 0.200000, 0.500000, 0.850000, 1.000000 ]
YAW_SPEED = 0.300000
DRIFT_ADDITIONAL_YAW_CONTROL = [ 5.500000, 5.000000, 4.500000, 4.500000, 4.500000, 4.500000, 4.500000, 4.500000, 4.000000, 3.500000 ]
DRIFT_YAW_CONTROL = [ 0.300000, 0.550000, 0.650000, 0.850000, 0.950000, 1.000000, 1.000000, 1.100000, 1.100000, 1.100000 ]
STEERING_RANGE = [ 40.500000, 13.500000, 9.900000, 7.200000, 6.300000, 6.300000, 6.300000, 6.300000, 6.300000, 6.300000 ]

[transmission]
CLUTCH_SLIP = 0.700000
DIFFERENTIAL = [ 0.000000, 0.060000, 0.000000 ]
FINAL_GEAR = 3.550000
GEAR_EFFICIENCY = [ 1.000000, 1.000000, 1.000000, 1.000000, 1.000000, 1.000000, 1.000000, 1.000000, 1.000000 ]
GEAR_RATIO = [ 2.900000, 0.000000, 3.820000, 2.150000, 1.560000, 1.210000, 1.000000, 0.850000, 0.000000 ]
OPTIMAL_SHIFT = 500.000000
SHIFT_SPEED = 0.250000
TORQUE_CONVERTER = 0.200000
TORQUE_SPLIT = 0.000000