[pvehicle]
TENSOR_SCALE = [ 1.000000, 2.000000, 1.000000 ]

[brakes]
BRAKE_LOCK = [ 1.000000, 3.300000 ]
BRAKES = [ 475.000000, 575.000000 ]
EBRAKE = 800.000000

[chassis]
AERO_CG = 45.000000
AERO_COEFFICIENT = 0.270000
DRAG_COEFFICIENT = 0.300000
FRONT_WEIGHT_BIAS = 54.299999
RENDER_MOTION = 1.000000
RIDE_HEIGHT = [ 9.000000, 9.000000 ]
ROLL_CENTER = 10.000000
SHOCK_BLOWOUT = 6.000000
SHOCK_DIGRESSION = [ 0.400000, 0.400000 ]
SHOCK_EXT_STIFFNESS = [ 85.000000, 85.000000 ]
SHOCK_STIFFNESS = [ 70.000000, 75.000000 ]
SHOCK_VALVING = [ 19.500000, 19.500000 ]
SPRING_PROGRESSION = [ 7.000000, 7.300000 ]
SPRING_STIFFNESS = [ 650.000000, 610.000000 ]
SWAYBAR_STIFFNESS = [ 275.000000, 300.000000 ]
TRAVEL = [ 6.000000, 6.000000 ]

[tires]
DYNAMIC_GRIP = [ 1.600000, 1.800000 ]
GRIP_SCALE = [ 1.000000, 1.060000 ]
STATIC_GRIP = [ 1.800000, 2.000000 ]
STEERING = 1.050000
YAW_CONTROL = [ 0.200000, 0.500000, 0.850000, 1.000000 ]
YAW_SPEED = 0.300000

[transmission]
DIFFERENTIAL = [ 0.000000, 0.060000, 0.000000 ]
TORQUE_SPLIT = 0.000000