[pvehicle]
MASS = 1422.000000
TENSOR_SCALE = [ 1.000000, 2.000000, 1.000000, 0.000000 ]

[brakes]
BRAKE_LOCK = [ 1.000000, 3.300000 ]
BRAKES = [ 475.000000, 575.000000 ]
EBRAKE = 700.000000

[chassis]
AERO_CG = 46.500000
AERO_COEFFICIENT = 0.200000
DIVE_SPEED = 1.000000
DRAG_COEFFICIENT = 0.400000
FRONT_AXLE = 1.180000
FRONT_WEIGHT_BIAS = 53.700001
RENDER_MOTION = 1.000000
RIDE_HEIGHT = [ 9.000000, 9.000000 ]
ROLL_CENTER = 12.000000
ROLL_SPEED = 1.000000
SHOCK_BLOWOUT = 6.000000
SHOCK_DIGRESSION = [ 0.200000, 0.200000 ]
SHOCK_EXT_STIFFNESS = [ 65.000000, 55.000000 ]
SHOCK_STIFFNESS = [ 55.000000, 46.000000 ]
SHOCK_VALVING = [ 16.000000, 16.000000 ]
SPRING_PROGRESSION = [ 7.000000, 7.000000 ]
SPRING_STIFFNESS = [ 520.000000, 500.000000 ]
SQUAT_SPEED = 1.000000
SWAYBAR_STIFFNESS = [ 350.000000, 250.000000 ]
TRACK_WIDTH = [ 1.486000, 1.522000 ]
TRAVEL = [ 6.000000, 6.000000 ]
WHEEL_BASE = 2.350000

[engine]
ENGINE_BRAKING = [ 0.700000, 0.800000, 0.900000 ]
FLYWHEEL_MASS = 15.000000
IDLE = 900.000000
MAX_RPM = 8300.000000
RED_LINE = 7300.000000
TORQUE = [ 184.000000, 250.000000, 378.000000, 424.000000, 400.000000, 352.000000, 304.000000, 267.000000, 240.000000 ]

[induction]
HIGH_BOOST = 0.150000
LOW_BOOST = 0.150000
PSI = 12.000000
SPOOL = 0.250000
SPOOL_TIME_DOWN = 0.250000
SPOOL_TIME_UP = 2.500000
VACUUM = -0.020000

[tires]
ASPECT_RATIO = [ 35.000000, 35.000000 ]
DRIFT_COUNTER_STEER_BUILDUP = 1.800000
DRIFT_COUNTER_STEER_REDUCTION = 5.000000
DRIFT_ELLIPSE_RATIO = [ 0.500000, 0.500000, 0.500000, 0.400000, 0.400000, 0.450000, 0.450000, 0.500000, 0.500000, 0.500000 ]
DRIFT_LATERAL_FORCE = 55.000000
DRIFT_MAINTAIN_SPEED_FORCE = 1000.000000
DYNAMIC_GRIP = [ 1.600000, 1.700000 ]
GRIP_SCALE = [ 1.025000, 1.075000 ]
RIM_SIZE = [ 19.000000, 19.000000 ]
SECTION_WIDTH = [ 295.000000, 295.000000 ]
STATIC_GRIP = [ 1.800000, 2.000000 ]
STEERING = 1.000000
YAW_CONTROL = [ 0.200000, 0.500000, 0.850000, 1.000000 ]
YAW_SPEED = 0.325000
DRIFT_ADDITIONAL_YAW_CONTROL = [ 5.500000, 5.000000, 4.500000, 4.500000, 4.500000, 4.500000, 4.500000, 4.500000, 4.000000, 3.500000 ]
DRIFT_YAW_CONTROL = [ 0.250000, 0.450000, 0.550000, 0.850000, 0.950000, 1.000000, 1.000000, 1.100000, 1.100000, 1.100000 ]
STEERING_RANGE = [ 40.500000, 13.500000, 9.900000, 7.200000, 6.300000, 6.300000, 6.300000, 6.300000, 6.300000, 6.300000 ]

[transmission]
CLUTCH_SLIP = 0.700000
DIFFERENTIAL = [ 0.000000, 0.750000, 0.700000 ]
FINAL_GEAR = 3.750000
GEAR_EFFICIENCY = [ 1.000000, 1.000000, 1.000000, 1.000000, 1.000000, 1.000000, 1.000000, 1.000000, 1.000000 ]
GEAR_RATIO = [ 2.900000, 0.000000, 3.310000, 1.950000, 1.410000, 1.130000, 0.970000, 0.820000, 0.000000 ]
OPTIMAL_SHIFT = 500.000000
SHIFT_SPEED = 0.250000
TORQUE_CONVERTER = 0.200000
TORQUE_SPLIT = 0.500000