[pvehicle]
TENSOR_SCALE = [ 1.000000, 2.000000, 1.000000 ]

[brakes]
BRAKE_LOCK = [ 1.000000, 3.300000 ]
BRAKES = [ 475.000000, 575.000000 ]
EBRAKE = 700.000000

[chassis]
AERO_CG = 46.500000
AERO_COEFFICIENT = 0.200000
DRAG_COEFFICIENT = 0.400000
FRONT_WEIGHT_BIAS = 53.700001
RENDER_MOTION = 1.000000
RIDE_HEIGHT = [ 9.000000, 9.000000 ]
ROLL_CENTER = 12.000000
SHOCK_BLOWOUT = 6.000000
SHOCK_DIGRESSION = [ 0.200000, 0.200000 ]
SHOCK_EXT_STIFFNESS = [ 65.000000, 55.000000 ]
SHOCK_STIFFNESS = [ 55.000000, 46.000000 ]
SHOCK_VALVING = [ 16.000000, 16.000000 ]
SPRING_PROGRESSION = [ 7.000000, 7.000000 ]
SPRING_STIFFNESS = [ 520.000000, 500.000000 ]
SWAYBAR_STIFFNESS = [ 350.000000, 250.000000 ]
TRAVEL = [ 6.000000, 6.000000 ]

[tires]
DYNAMIC_GRIP = [ 1.600000, 1.700000 ]
GRIP_SCALE = [ 1.025000, 1.075000 ]
STATIC_GRIP = [ 1.800000, 2.000000 ]
STEERING = 1.000000
YAW_CONTROL = [ 0.200000, 0.500000, 0.850000, 1.000000 ]
YAW_SPEED = 0.325000

[transmission]
DIFFERENTIAL = [ 0.000000, 0.750000, 0.700000 ]
TORQUE_SPLIT = 0.500000