[pvehicle]
MASS = 1422.000000
TENSOR_SCALE = [ 1.000000, 2.000000, 1.000000, 0.000000 ]

[brakes]
BRAKE_LOCK = [ 1.000000, 3.200000 ]
BRAKES = [ 600.000000, 650.000000 ]
EBRAKE = 900.000000

[chassis]
AERO_CG = 47.500000
AERO_COEFFICIENT = 0.240000
DIVE_SPEED = 1.000000
DRAG_COEFFICIENT = 0.300000
FRONT_AXLE = 1.180000
FRONT_WEIGHT_BIAS = 53.500000
RENDER_MOTION = 0.500000
RIDE_HEIGHT = [ 8.500000, 8.500000 ]
ROLL_CENTER = 10.000000
ROLL_SPEED = 1.000000
SHOCK_BLOWOUT = 6.000000
SHOCK_DIGRESSION = [ 0.100000, 0.100000 ]
SHOCK_EXT_STIFFNESS = [ 75.000000, 70.000000 ]
SHOCK_STIFFNESS = [ 65.000000, 60.000000 ]
SHOCK_VALVING = [ 20.000000, 20.000000 ]
SPRING_PROGRESSION = [ 7.500000, 8.500000 ]
SPRING_STIFFNESS = [ 700.000000, 675.000000 ]
SQUAT_SPEED = 1.000000
SWAYBAR_STIFFNESS = [ 375.000000, 325.000000 ]
TRACK_WIDTH = [ 1.486000, 1.522000 ]
TRAVEL = [ 6.000000, 6.000000 ]
WHEEL_BASE = 2.350000

[engine]
ENGINE_BRAKING = [ 0.700000, 0.800000, 0.900000 ]
FLYWHEEL_MASS = 13.500000
IDLE = 850.000000
MAX_RPM = 8300.000000
RED_LINE = 7300.000000
TORQUE = [ 219.000000, 296.000000, 448.000000, 504.000000, 475.000000, 418.000000, 361.000000, 317.000000, 285.000000 ]

[induction]
HIGH_BOOST = 0.270000
LOW_BOOST = 0.270000
PSI = 13.000000
SPOOL = 0.200000
SPOOL_TIME_DOWN = 0.250000
SPOOL_TIME_UP = 1.500000
VACUUM = -0.050000

[tires]
ASPECT_RATIO = [ 35.000000, 35.000000 ]
DRIFT_COUNTER_STEER_BUILDUP = 1.800000
DRIFT_COUNTER_STEER_REDUCTION = 5.000000
DRIFT_ELLIPSE_RATIO = [ 0.500000, 0.500000, 0.500000, 0.400000, 0.400000, 0.450000, 0.450000, 0.500000, 0.500000, 0.500000 ]
DRIFT_LATERAL_FORCE = 55.000000
DRIFT_MAINTAIN_SPEED_FORCE = 1000.000000
DYNAMIC_GRIP = [ 1.800000, 1.950000 ]
GRIP_SCALE = [ 1.050000, 1.080000 ]
RIM_SIZE = [ 19.000000, 19.000000 ]
SECTION_WIDTH = [ 295.000000, 295.000000 ]
STATIC_GRIP = [ 2.000000, 2.200000 ]
STEERING = 1.000000
YAW_CONTROL = [ 0.100000, 0.700000, 1.000000, 1.100000 ]
YAW_SPEED = 0.340000
DRIFT_ADDITIONAL_YAW_CONTROL = [ 5.500000, 5.000000, 4.500000, 4.500000, 4.500000, 4.500000, 4.500000, 4.500000, 4.000000, 3.500000 ]
DRIFT_YAW_CONTROL = [ 0.300000, 0.400000, 0.500000, 0.600000, 0.700000, 1.000000, 1.250000, 1.250000, 1.250000, 1.250000 ]
STEERING_RANGE = [ 45.000000, 15.000000, 11.000000, 8.000000, 7.000000, 7.000000, 7.000000, 7.000000, 7.000000, 7.000000 ]

[transmission]
CLUTCH_SLIP = 0.800000
DIFFERENTIAL = [ 0.800000, 0.800000, 0.800000 ]
FINAL_GEAR = 3.125000
GEAR_EFFICIENCY = [ 1.000000, 1.000000, 1.000000, 1.000000, 1.000000, 1.000000, 1.000000, 1.000000, 1.000000 ]
GEAR_RATIO = [ 2.900000, 0.000000, 3.310000, 1.950000, 1.410000, 1.130000, 0.970000, 0.820000, 0.000000 ]
OPTIMAL_SHIFT = 500.000000
SHIFT_SPEED = 0.250000
TORQUE_CONVERTER = 0.200000
TORQUE_SPLIT = 0.500000