[pvehicle]
TENSOR_SCALE = [ 1.000000, 2.000000, 1.000000 ]

[brakes]
BRAKE_LOCK = [ 1.000000, 3.000000 ]
BRAKES = [ 400.000000, 450.000000 ]
EBRAKE = 975.000000

[chassis]
AERO_CG = 44.000000
AERO_COEFFICIENT = 0.260000
DRAG_COEFFICIENT = 0.320000
FRONT_WEIGHT_BIAS = 54.000000
RENDER_MOTION = 1.000000
RIDE_HEIGHT = [ 6.000000, 6.000000 ]
ROLL_CENTER = 9.350000
SHOCK_BLOWOUT = 5.000000
SHOCK_DIGRESSION = [ 0.400000, 0.400000 ]
SHOCK_EXT_STIFFNESS = [ 75.000000, 77.000000 ]
SHOCK_STIFFNESS = [ 60.000000, 50.000000 ]
SHOCK_VALVING = [ 20.000000, 20.000000 ]
SPRING_PROGRESSION = [ 7.500000, 7.500000 ]
SPRING_STIFFNESS = [ 850.000000, 775.000000 ]
SWAYBAR_STIFFNESS = [ 335.000000, 200.000000 ]
TRAVEL = [ 5.750000, 5.750000 ]

[tires]
DYNAMIC_GRIP = [ 2.000000, 2.050000 ]
GRIP_SCALE = [ 1.000000, 1.025000 ]
STATIC_GRIP = [ 2.200000, 2.300000 ]
STEERING = 0.885000
YAW_CONTROL = [ 0.300000, 0.750000, 1.000000, 1.200000 ]
YAW_SPEED = 0.250000

[transmission]
DIFFERENTIAL = [ 0.000000, 0.750000, 0.000000 ]
TORQUE_SPLIT = 0.000000