[pvehicle]
TENSOR_SCALE = [ 1.000000, 2.000000, 1.000000 ]

[brakes]
BRAKE_LOCK = [ 1.000000, 3.500000 ]
BRAKES = [ 425.000000, 500.000000 ]
EBRAKE = 500.000000

[chassis]
AERO_CG = 45.500000
AERO_COEFFICIENT = 0.150000
DRAG_COEFFICIENT = 0.360000
FRONT_WEIGHT_BIAS = 53.200001
RENDER_MOTION = 1.000000
RIDE_HEIGHT = [ 8.000000, 8.000000 ]
ROLL_CENTER = 12.500000
SHOCK_BLOWOUT = 6.000000
SHOCK_DIGRESSION = [ 0.350000, 0.350000 ]
SHOCK_EXT_STIFFNESS = [ 48.000000, 48.000000 ]
SHOCK_STIFFNESS = [ 32.000000, 37.000000 ]
SHOCK_VALVING = [ 23.500000, 23.500000 ]
SPRING_PROGRESSION = [ 6.500000, 6.000000 ]
SPRING_STIFFNESS = [ 400.000000, 425.000000 ]
SWAYBAR_STIFFNESS = [ 200.000000, 175.000000 ]
TRAVEL = [ 7.500000, 7.500000 ]

[tires]
DYNAMIC_GRIP = [ 1.250000, 1.300000 ]
GRIP_SCALE = [ 1.000000, 1.000000 ]
STATIC_GRIP = [ 1.500000, 1.600000 ]
STEERING = 0.800000
YAW_CONTROL = [ 0.150000, 0.350000, 0.450000, 0.550000 ]
YAW_SPEED = 0.400000

[transmission]
DIFFERENTIAL = [ 0.750000, 0.800000, 0.750000 ]
TORQUE_SPLIT = 0.500000