[pvehicle]
TENSOR_SCALE = [ 1.000000, 2.000000, 1.000000 ]

[brakes]
BRAKE_LOCK = [ 1.000000, 3.400000 ]
BRAKES = [ 530.000000, 570.000000 ]
EBRAKE = 650.000000

[chassis]
AERO_CG = 45.000000
AERO_COEFFICIENT = 0.173500
DRAG_COEFFICIENT = 0.300000
FRONT_WEIGHT_BIAS = 53.000000
RENDER_MOTION = 1.000000
RIDE_HEIGHT = [ 8.000000, 8.000000 ]
ROLL_CENTER = 11.000000
SHOCK_BLOWOUT = 6.000000
SHOCK_DIGRESSION = [ 0.300000, 0.300000 ]
SHOCK_EXT_STIFFNESS = [ 50.000000, 50.000000 ]
SHOCK_STIFFNESS = [ 48.500000, 45.000000 ]
SHOCK_VALVING = [ 24.000000, 24.000000 ]
SPRING_PROGRESSION = [ 8.000000, 7.000000 ]
SPRING_STIFFNESS = [ 575.000000, 525.000000 ]
SWAYBAR_STIFFNESS = [ 240.000000, 235.000000 ]
TRAVEL = [ 6.500000, 6.500000 ]

[tires]
DYNAMIC_GRIP = [ 1.450000, 1.500000 ]
GRIP_SCALE = [ 1.000000, 1.000000 ]
STATIC_GRIP = [ 1.650000, 1.800000 ]
STEERING = 0.750000
YAW_CONTROL = [ 0.200000, 0.750000, 0.800000, 1.000000 ]
YAW_SPEED = 0.420000

[transmission]
DIFFERENTIAL = [ 0.800000, 0.800000, 0.800000 ]
TORQUE_SPLIT = 0.500000