[pvehicle]
TENSOR_SCALE = [ 1.000000, 2.000000, 1.000000 ]

[brakes]
BRAKE_LOCK = [ 1.000000, 3.500000 ]
BRAKES = [ 350.000000, 450.000000 ]
EBRAKE = 450.000000

[chassis]
AERO_CG = 50.000000
AERO_COEFFICIENT = 0.150000
DRAG_COEFFICIENT = 0.300000
FRONT_WEIGHT_BIAS = 50.500000
RENDER_MOTION = 1.000000
RIDE_HEIGHT = [ 7.000000, 7.000000 ]
ROLL_CENTER = 12.000000
SHOCK_BLOWOUT = 7.000000
SHOCK_DIGRESSION = [ 0.400000, 0.400000 ]
SHOCK_EXT_STIFFNESS = [ 43.000000, 47.000000 ]
SHOCK_STIFFNESS = [ 37.000000, 37.000000 ]
SHOCK_VALVING = [ 14.000000, 14.000000 ]
SPRING_PROGRESSION = [ 6.000000, 6.200000 ]
SPRING_STIFFNESS = [ 300.000000, 400.000000 ]
SWAYBAR_STIFFNESS = [ 175.000000, 200.000000 ]
TRAVEL = [ 8.500000, 8.500000 ]

[tires]
DYNAMIC_GRIP = [ 1.300000, 1.300000 ]
GRIP_SCALE = [ 1.000000, 1.000000 ]
STATIC_GRIP = [ 1.500000, 1.600000 ]
STEERING = 1.000000
YAW_CONTROL = [ 0.000000, 0.000000, 0.000000, 0.000000 ]
YAW_SPEED = 0.300000

[transmission]
DIFFERENTIAL = [ 0.600000, 0.625000, 0.000000 ]
TORQUE_SPLIT = 0.000000