[pvehicle]
TENSOR_SCALE = [ 1.000000, 2.000000, 1.000000 ]

[brakes]
BRAKE_LOCK = [ 1.000000, 3.500000 ]
BRAKES = [ 500.000000, 625.000000 ]
EBRAKE = 950.000000

[chassis]
AERO_CG = 50.000000
AERO_COEFFICIENT = 0.245000
DRAG_COEFFICIENT = 0.350000
FRONT_WEIGHT_BIAS = 52.000000
RENDER_MOTION = 1.000000
RIDE_HEIGHT = [ 8.000000, 8.000000 ]
ROLL_CENTER = 9.750000
SHOCK_BLOWOUT = 6.000000
SHOCK_DIGRESSION = [ 0.375000, 0.375000 ]
SHOCK_EXT_STIFFNESS = [ 70.000000, 70.000000 ]
SHOCK_STIFFNESS = [ 50.000000, 65.000000 ]
SHOCK_VALVING = [ 19.500000, 19.500000 ]
SPRING_PROGRESSION = [ 6.800000, 7.000000 ]
SPRING_STIFFNESS = [ 600.000000, 775.000000 ]
SWAYBAR_STIFFNESS = [ 250.000000, 250.000000 ]
TRAVEL = [ 7.000000, 7.000000 ]

[tires]
DYNAMIC_GRIP = [ 1.500000, 1.520000 ]
GRIP_SCALE = [ 1.000000, 1.000000 ]
STATIC_GRIP = [ 1.700000, 1.750000 ]
STEERING = 0.900000
YAW_CONTROL = [ 0.000000, 0.000000, 0.000000, 0.000000 ]
YAW_SPEED = 0.325000

[transmission]
DIFFERENTIAL = [ 0.000000, 0.500000, 0.000000 ]
TORQUE_SPLIT = 0.000000