[pvehicle]
TENSOR_SCALE = [ 1.000000, 2.000000, 1.000000 ]

[brakes]
BRAKE_LOCK = [ 1.000000, 3.500000 ]
BRAKES = [ 555.000000, 650.000000 ]
EBRAKE = 700.000000

[chassis]
AERO_CG = 49.000000
AERO_COEFFICIENT = 0.180000
DRAG_COEFFICIENT = 0.420000
FRONT_WEIGHT_BIAS = 50.000000
RENDER_MOTION = 0.700000
RIDE_HEIGHT = [ 7.000000, 7.000000 ]
ROLL_CENTER = 11.500000
SHOCK_BLOWOUT = 7.000000
SHOCK_DIGRESSION = [ 0.400000, 0.400000 ]
SHOCK_EXT_STIFFNESS = [ 63.000000, 65.000000 ]
SHOCK_STIFFNESS = [ 57.000000, 57.000000 ]
SHOCK_VALVING = [ 15.000000, 15.000000 ]
SPRING_PROGRESSION = [ 7.000000, 8.000000 ]
SPRING_STIFFNESS = [ 500.000000, 650.000000 ]
SWAYBAR_STIFFNESS = [ 250.000000, 350.000000 ]
TRAVEL = [ 8.500000, 8.500000 ]

[tires]
DYNAMIC_GRIP = [ 1.500000, 1.500000 ]
GRIP_SCALE = [ 1.000000, 1.000000 ]
STATIC_GRIP = [ 1.700000, 1.800000 ]
STEERING = 0.950000
YAW_CONTROL = [ 0.000000, 0.000000, 0.000000, 0.000000 ]
YAW_SPEED = 0.310000

[transmission]
DIFFERENTIAL = [ 0.000000, 0.700000, 0.000000 ]
TORQUE_SPLIT = 0.000000