[pvehicle]
TENSOR_SCALE = [ 1.100000, 2.000000, 1.100000 ]

[brakes]
BRAKE_LOCK = [ 1.000000, 3.200000 ]
BRAKES = [ 450.000000, 500.000000 ]
EBRAKE = 850.000000

[chassis]
AERO_CG = 45.000000
AERO_COEFFICIENT = 0.210000
DRAG_COEFFICIENT = 0.250000
FRONT_WEIGHT_BIAS = 55.000000
RENDER_MOTION = 1.000000
RIDE_HEIGHT = [ 8.000000, 8.000000 ]
ROLL_CENTER = 9.000000
SHOCK_BLOWOUT = 6.000000
SHOCK_DIGRESSION = [ 0.200000, 0.200000 ]
SHOCK_EXT_STIFFNESS = [ 70.000000, 85.000000 ]
SHOCK_STIFFNESS = [ 70.000000, 85.000000 ]
SHOCK_VALVING = [ 24.000000, 24.000000 ]
SPRING_PROGRESSION = [ 8.500000, 7.500000 ]
SPRING_STIFFNESS = [ 700.000000, 625.000000 ]
SWAYBAR_STIFFNESS = [ 475.000000, 375.000000 ]
TRAVEL = [ 6.500000, 6.500000 ]

[tires]
DYNAMIC_GRIP = [ 1.600000, 2.050000 ]
GRIP_SCALE = [ 1.000000, 1.025000 ]
STATIC_GRIP = [ 1.800000, 2.250000 ]
STEERING = 0.900000
YAW_CONTROL = [ 0.100000, 0.400000, 0.600000, 0.900000 ]
YAW_SPEED = 0.370000

[transmission]
DIFFERENTIAL = [ 0.000000, 0.850000, 0.000000 ]
TORQUE_SPLIT = 0.000000