[pvehicle]
TENSOR_SCALE = [ 1.100000, 2.000000, 1.100000 ]

[brakes]
BRAKE_LOCK = [ 1.000000, 3.300000 ]
BRAKES = [ 500.000000, 650.000000 ]
EBRAKE = 1000.000000

[chassis]
AERO_CG = 46.500000
AERO_COEFFICIENT = 0.240000
DRAG_COEFFICIENT = 0.320000
FRONT_WEIGHT_BIAS = 54.000000
RENDER_MOTION = 0.500000
RIDE_HEIGHT = [ 7.000000, 7.000000 ]
ROLL_CENTER = 8.800000
SHOCK_BLOWOUT = 6.000000
SHOCK_DIGRESSION = [ 0.110000, 0.110000 ]
SHOCK_EXT_STIFFNESS = [ 85.000000, 95.000000 ]
SHOCK_STIFFNESS = [ 80.000000, 80.000000 ]
SHOCK_VALVING = [ 24.000000, 24.000000 ]
SPRING_PROGRESSION = [ 7.500000, 7.000000 ]
SPRING_STIFFNESS = [ 775.000000, 800.000000 ]
SWAYBAR_STIFFNESS = [ 450.000000, 375.000000 ]
TRAVEL = [ 6.000000, 6.000000 ]

[tires]
DYNAMIC_GRIP = [ 2.000000, 2.000000 ]
GRIP_SCALE = [ 1.075000, 1.100000 ]
STATIC_GRIP = [ 2.200000, 2.250000 ]
STEERING = 0.800000
YAW_CONTROL = [ 0.000000, 0.600000, 0.900000, 0.950000 ]
YAW_SPEED = 0.370000

[transmission]
DIFFERENTIAL = [ 0.000000, 0.700000, 0.000000 ]
TORQUE_SPLIT = 0.000000