[pvehicle]
TENSOR_SCALE = [ 1.000000, 2.000000, 1.000000 ]

[brakes]
BRAKE_LOCK = [ 1.000000, 3.300000 ]
BRAKES = [ 475.000000, 575.000000 ]
EBRAKE = 650.000000

[chassis]
AERO_CG = 44.000000
AERO_COEFFICIENT = 0.150000
DRAG_COEFFICIENT = 0.250000
FRONT_WEIGHT_BIAS = 53.700001
RENDER_MOTION = 1.000000
RIDE_HEIGHT = [ 9.000000, 9.000000 ]
ROLL_CENTER = 11.500000
SHOCK_BLOWOUT = 6.000000
SHOCK_DIGRESSION = [ 0.100000, 0.100000 ]
SHOCK_EXT_STIFFNESS = [ 65.000000, 55.000000 ]
SHOCK_STIFFNESS = [ 55.000000, 46.000000 ]
SHOCK_VALVING = [ 20.000000, 20.000000 ]
SPRING_PROGRESSION = [ 7.000000, 6.000000 ]
SPRING_STIFFNESS = [ 400.000000, 300.000000 ]
SWAYBAR_STIFFNESS = [ 350.000000, 250.000000 ]
TRAVEL = [ 7.000000, 7.000000 ]

[engine]

[tires]
DYNAMIC_GRIP = [ 1.400000, 1.400000 ]
GRIP_SCALE = [ 1.000000, 1.075000 ]
STATIC_GRIP = [ 1.600000, 1.800000 ]
STEERING = 0.900000
YAW_CONTROL = [ 0.200000, 0.500000, 0.850000, 1.000000 ]
YAW_SPEED = 0.350000

[transmission]
DIFFERENTIAL = [ 0.000000, 0.750000, 0.000000 ]
TORQUE_SPLIT = 0.000000