[pvehicle]
TENSOR_SCALE = [ 1.000000, 2.000000, 1.000000 ]

[brakes]
BRAKE_LOCK = [ 1.000000, 3.250000 ]
BRAKES = [ 450.000000, 500.000000 ]
EBRAKE = 950.000000

[chassis]
AERO_CG = 45.250000
AERO_COEFFICIENT = 0.260000
DRAG_COEFFICIENT = 0.280000
FRONT_WEIGHT_BIAS = 55.000000
RENDER_MOTION = 1.000000
RIDE_HEIGHT = [ 6.500000, 6.500000 ]
ROLL_CENTER = 9.251000
SHOCK_BLOWOUT = 6.000000
SHOCK_DIGRESSION = [ 0.100000, 0.100000 ]
SHOCK_EXT_STIFFNESS = [ 80.000000, 80.000000 ]
SHOCK_STIFFNESS = [ 75.000000, 80.000000 ]
SHOCK_VALVING = [ 23.850000, 23.850000 ]
SPRING_PROGRESSION = [ 8.500000, 7.500000 ]
SPRING_STIFFNESS = [ 850.000000, 735.000000 ]
SWAYBAR_STIFFNESS = [ 325.500000, 375.000000 ]
TRAVEL = [ 6.000000, 6.000000 ]

[tires]
DYNAMIC_GRIP = [ 1.750000, 2.100000 ]
GRIP_SCALE = [ 1.060000, 1.100000 ]
STATIC_GRIP = [ 2.000000, 2.300000 ]
STEERING = 0.850000
YAW_CONTROL = [ 0.200000, 0.500000, 0.750000, 1.000000 ]
YAW_SPEED = 0.300000

[transmission]
DIFFERENTIAL = [ 0.000000, 0.650000, 0.000000 ]
TORQUE_SPLIT = 0.000000