[pvehicle]
TENSOR_SCALE = [ 1.000000, 2.000000, 1.000000 ]

[brakes]
BRAKE_LOCK = [ 1.000000, 3.100000 ]
BRAKES = [ 500.000000, 600.000000 ]
EBRAKE = 700.000000

[chassis]
AERO_CG = 50.000000
AERO_COEFFICIENT = 0.170000
DRAG_COEFFICIENT = 0.450000
FRONT_WEIGHT_BIAS = 51.000000
RENDER_MOTION = 1.000000
RIDE_HEIGHT = [ 7.100000, 7.100000 ]
ROLL_CENTER = 12.000000
SHOCK_BLOWOUT = 5.000000
SHOCK_DIGRESSION = [ 0.500000, 0.500000 ]
SHOCK_EXT_STIFFNESS = [ 50.000000, 55.000000 ]
SHOCK_STIFFNESS = [ 40.000000, 45.000000 ]
SHOCK_VALVING = [ 20.000000, 20.000000 ]
SPRING_PROGRESSION = [ 6.000000, 7.000000 ]
SPRING_STIFFNESS = [ 425.000000, 450.000000 ]
SWAYBAR_STIFFNESS = [ 200.000000, 200.000000 ]
TRAVEL = [ 7.000000, 7.000000 ]

[tires]
DYNAMIC_GRIP = [ 1.400000, 1.400000 ]
GRIP_SCALE = [ 1.000000, 1.000000 ]
STATIC_GRIP = [ 1.600000, 1.600000 ]
STEERING = 0.950000
YAW_CONTROL = [ 0.100000, 0.200000, 0.450000, 0.550000 ]
YAW_SPEED = 0.300000

[transmission]
DIFFERENTIAL = [ 0.000000, 0.850000, 0.000000 ]
TORQUE_SPLIT = 0.000000