[pvehicle]
TENSOR_SCALE = [ 1.000000, 2.000000, 1.000000 ]

[brakes]
BRAKE_LOCK = [ 1.000000, 3.000000 ]
BRAKES = [ 700.000000, 750.000000 ]
EBRAKE = 750.000000

[chassis]
AERO_CG = 50.000000
AERO_COEFFICIENT = 0.200000
DRAG_COEFFICIENT = 0.500000
FRONT_WEIGHT_BIAS = 53.000000
RENDER_MOTION = 0.750000
RIDE_HEIGHT = [ 7.100000, 7.100000 ]
ROLL_CENTER = 11.000000
SHOCK_BLOWOUT = 7.000000
SHOCK_DIGRESSION = [ 0.400000, 0.400000 ]
SHOCK_EXT_STIFFNESS = [ 70.000000, 70.000000 ]
SHOCK_STIFFNESS = [ 60.000000, 60.000000 ]
SHOCK_VALVING = [ 18.000000, 18.000000 ]
SPRING_PROGRESSION = [ 7.000000, 8.500000 ]
SPRING_STIFFNESS = [ 700.000000, 770.000000 ]
SWAYBAR_STIFFNESS = [ 275.000000, 350.000000 ]
TRAVEL = [ 6.000000, 6.000000 ]

[tires]
DYNAMIC_GRIP = [ 1.700000, 1.700000 ]
GRIP_SCALE = [ 1.000000, 1.000000 ]
STATIC_GRIP = [ 1.900000, 1.900000 ]
STEERING = 0.950000
YAW_CONTROL = [ 0.000000, 0.200000, 0.300000, 0.350000 ]
YAW_SPEED = 0.300000

[transmission]
DIFFERENTIAL = [ 0.000000, 0.850000, 0.000000 ]
TORQUE_SPLIT = 0.000000