[pvehicle]
MASS = 1668.000000
TENSOR_SCALE = [ 1.000000, 2.000000, 1.000000, 0.000000 ]

[brakes]
BRAKE_LOCK = [ 1.000000, 3.700000 ]
BRAKES = [ 300.000000, 550.000000 ]
EBRAKE = 550.000000

[chassis]
AERO_CG = 50.000000
AERO_COEFFICIENT = 0.170000
DIVE_SPEED = 1.000000
DRAG_COEFFICIENT = 0.300000
FRONT_AXLE = 1.650000
FRONT_WEIGHT_BIAS = 50.000000
RENDER_MOTION = 1.000000
RIDE_HEIGHT = [ 7.000000, 7.000000 ]
ROLL_CENTER = 11.500000
ROLL_SPEED = 1.000000
SHOCK_BLOWOUT = 7.000000
SHOCK_DIGRESSION = [ 0.500000, 0.500000 ]
SHOCK_EXT_STIFFNESS = [ 45.000000, 60.000000 ]
SHOCK_STIFFNESS = [ 40.000000, 50.000000 ]
SHOCK_VALVING = [ 17.000000, 17.500000 ]
SPRING_PROGRESSION = [ 5.000000, 6.000000 ]
SPRING_STIFFNESS = [ 300.000000, 500.000000 ]
SQUAT_SPEED = 1.000000
SWAYBAR_STIFFNESS = [ 225.000000, 350.000000 ]
TRACK_WIDTH = [ 1.564000, 1.564000 ]
TRAVEL = [ 10.000000, 10.000000 ]
WHEEL_BASE = 2.971800

[engine]
ENGINE_BRAKING = [ 0.700000, 0.800000, 0.900000 ]
FLYWHEEL_MASS = 12.000000
IDLE = 800.000000
MAX_RPM = 7000.000000
RED_LINE = 6000.000000
TORQUE = [ 209.000000, 316.000000, 489.000000, 551.000000, 510.000000, 450.000000, 400.000000, 365.000000, 340.000000 ]

[induction]
HIGH_BOOST = 0.150000
LOW_BOOST = 0.150000
PSI = 12.000000
SPOOL = 0.000000
SPOOL_TIME_DOWN = 1.500000
SPOOL_TIME_UP = 2.500000
VACUUM = 0.000000

[tires]
ASPECT_RATIO = [ 60.000000, 60.000000 ]
DRIFT_COUNTER_STEER_BUILDUP = 1.900000
DRIFT_COUNTER_STEER_REDUCTION = 5.500000
DRIFT_ELLIPSE_RATIO = [ 0.600000, 0.600000, 0.600000, 0.600000, 0.500000, 0.500000, 0.500000, 0.600000, 0.600000, 0.600000 ]
DRIFT_LATERAL_FORCE = 62.500000
DRIFT_MAINTAIN_SPEED_FORCE = 1200.000000
DYNAMIC_GRIP = [ 1.275000, 1.275000 ]
GRIP_SCALE = [ 1.000000, 1.000000 ]
RIM_SIZE = [ 15.000000, 15.000000 ]
SECTION_WIDTH = [ 245.000000, 245.000000 ]
STATIC_GRIP = [ 1.500000, 1.500000 ]
STEERING = 1.025000
YAW_CONTROL = [ 0.060000, 0.100000, 0.150000, 0.200000 ]
YAW_SPEED = 0.300000
DRIFT_ADDITIONAL_YAW_CONTROL = [ 4.750000, 4.500000, 4.250000, 4.000000, 4.250000, 4.500000, 4.750000, 4.500000, 4.000000, 3.500000 ]
DRIFT_YAW_CONTROL = [ 0.350000, 0.375000, 0.550000, 0.650000, 0.750000, 1.000000, 1.000000, 1.000000, 1.000000, 1.000000 ]
STEERING_RANGE = [ 48.375000, 16.125000, 11.825000, 8.600000, 7.525000, 7.525000, 7.525000, 7.525000, 7.525000, 7.525000 ]

[transmission]
CLUTCH_SLIP = 0.700000
DIFFERENTIAL = [ 0.000000, 0.450000, 0.000000 ]
FINAL_GEAR = 4.000000
GEAR_EFFICIENCY = [ 1.000000, 1.000000, 1.000000, 1.000000, 1.000000, 1.000000, 1.000000, 1.000000, 1.000000 ]
GEAR_RATIO = [ 2.600000, 0.000000, 3.750000, 2.000000, 1.250000, 0.900000, 0.700000, 0.000000, 0.000000 ]
OPTIMAL_SHIFT = 500.000000
SHIFT_SPEED = 0.250000
TORQUE_CONVERTER = 0.300000
TORQUE_SPLIT = 0.000000