[pvehicle]
MASS = 1668.000000
TENSOR_SCALE = [ 1.000000, 2.000000, 1.000000, 0.000000 ]

[brakes]
BRAKE_LOCK = [ 1.000000, 3.500000 ]
BRAKES = [ 545.000000, 600.000000 ]
EBRAKE = 700.000000

[chassis]
AERO_CG = 50.000000
AERO_COEFFICIENT = 0.190000
DIVE_SPEED = 1.000000
DRAG_COEFFICIENT = 0.480000
FRONT_AXLE = 1.650000
FRONT_WEIGHT_BIAS = 50.000000
RENDER_MOTION = 0.700000
RIDE_HEIGHT = [ 7.000000, 7.000000 ]
ROLL_CENTER = 10.750000
ROLL_SPEED = 1.000000
SHOCK_BLOWOUT = 7.000000
SHOCK_DIGRESSION = [ 0.400000, 0.400000 ]
SHOCK_EXT_STIFFNESS = [ 63.000000, 70.000000 ]
SHOCK_STIFFNESS = [ 57.000000, 60.000000 ]
SHOCK_VALVING = [ 20.000000, 20.000000 ]
SPRING_PROGRESSION = [ 7.000000, 8.000000 ]
SPRING_STIFFNESS = [ 656.000000, 750.000000 ]
SQUAT_SPEED = 1.000000
SWAYBAR_STIFFNESS = [ 300.000000, 375.000000 ]
TRACK_WIDTH = [ 1.564000, 1.564000 ]
TRAVEL = [ 7.000000, 7.000000 ]
WHEEL_BASE = 2.971800

[engine]
ENGINE_BRAKING = [ 0.800000, 0.850000, 0.900000 ]
FLYWHEEL_MASS = 11.500000
IDLE = 800.000000
MAX_RPM = 7000.000000
RED_LINE = 6000.000000
TORQUE = [ 278.000000, 421.000000, 652.000000, 743.000000, 680.000000, 600.000000, 540.000000, 485.000000, 440.000000 ]

[induction]
HIGH_BOOST = 0.300000
LOW_BOOST = 0.300000
PSI = 13.000000
SPOOL = 0.000000
SPOOL_TIME_DOWN = 1.500000
SPOOL_TIME_UP = 2.000000
VACUUM = 0.000000

[tires]
ASPECT_RATIO = [ 60.000000, 60.000000 ]
DRIFT_COUNTER_STEER_BUILDUP = 1.900000
DRIFT_COUNTER_STEER_REDUCTION = 5.500000
DRIFT_ELLIPSE_RATIO = [ 0.600000, 0.600000, 0.600000, 0.600000, 0.500000, 0.500000, 0.500000, 0.600000, 0.600000, 0.600000 ]
DRIFT_LATERAL_FORCE = 62.500000
DRIFT_MAINTAIN_SPEED_FORCE = 1200.000000
DYNAMIC_GRIP = [ 1.600000, 1.625000 ]
GRIP_SCALE = [ 1.000000, 1.000000 ]
RIM_SIZE = [ 15.000000, 15.000000 ]
SECTION_WIDTH = [ 245.000000, 245.000000 ]
STATIC_GRIP = [ 1.850000, 1.850000 ]
STEERING = 0.950000
YAW_CONTROL = [ 0.025000, 0.050000, 0.075000, 0.150000 ]
YAW_SPEED = 0.325000
DRIFT_ADDITIONAL_YAW_CONTROL = [ 4.750000, 4.500000, 4.250000, 4.000000, 4.250000, 4.500000, 4.750000, 4.500000, 4.000000, 3.500000 ]
DRIFT_YAW_CONTROL = [ 0.350000, 0.450000, 0.500000, 0.600000, 0.850000, 1.000000, 1.000000, 1.000000, 1.000000, 1.000000 ]
STEERING_RANGE = [ 49.500000, 16.500000, 12.100000, 8.800000, 7.700000, 7.700000, 7.700000, 7.700000, 7.700000, 7.700000 ]

[transmission]
CLUTCH_SLIP = 0.700000
DIFFERENTIAL = [ 0.000000, 0.450000, 0.000000 ]
FINAL_GEAR = 3.000000
GEAR_EFFICIENCY = [ 1.000000, 1.000000, 1.000000, 1.000000, 1.000000, 1.000000, 1.000000, 1.000000, 1.000000 ]
GEAR_RATIO = [ 2.600000, 0.000000, 3.000000, 1.900000, 1.470000, 1.200000, 1.000000, 0.870000, 0.000000 ]
OPTIMAL_SHIFT = 500.000000
SHIFT_SPEED = 0.250000
TORQUE_CONVERTER = 0.300000
TORQUE_SPLIT = 0.000000