[pvehicle]
TENSOR_SCALE = [ 1.000000, 2.000000, 1.000000 ]

[brakes]
BRAKE_LOCK = [ 1.000000, 3.500000 ]
BRAKES = [ 545.000000, 600.000000 ]
EBRAKE = 700.000000

[chassis]
AERO_CG = 50.000000
AERO_COEFFICIENT = 0.190000
DRAG_COEFFICIENT = 0.480000
FRONT_WEIGHT_BIAS = 50.000000
RENDER_MOTION = 0.700000
RIDE_HEIGHT = [ 7.000000, 7.000000 ]
ROLL_CENTER = 10.750000
SHOCK_BLOWOUT = 7.000000
SHOCK_DIGRESSION = [ 0.400000, 0.400000 ]
SHOCK_EXT_STIFFNESS = [ 63.000000, 70.000000 ]
SHOCK_STIFFNESS = [ 57.000000, 60.000000 ]
SHOCK_VALVING = [ 20.000000, 20.000000 ]
SPRING_PROGRESSION = [ 7.000000, 8.000000 ]
SPRING_STIFFNESS = [ 656.000000, 750.000000 ]
SWAYBAR_STIFFNESS = [ 300.000000, 375.000000 ]
TRAVEL = [ 7.000000, 7.000000 ]

[tires]
DYNAMIC_GRIP = [ 1.600000, 1.625000 ]
GRIP_SCALE = [ 1.000000, 1.000000 ]
STATIC_GRIP = [ 1.850000, 1.850000 ]
STEERING = 0.950000
YAW_CONTROL = [ 0.025000, 0.050000, 0.075000, 0.150000 ]
YAW_SPEED = 0.325000

[transmission]
DIFFERENTIAL = [ 0.000000, 0.450000, 0.000000 ]
TORQUE_SPLIT = 0.000000