[pvehicle]
MASS = 1891.000000
TENSOR_SCALE = [ 1.000000, 2.000000, 1.000000, 0.000000 ]

[brakes]
BRAKE_LOCK = [ 1.000000, 3.200000 ]
BRAKES = [ 500.000000, 600.000000 ]
EBRAKE = 650.000000

[chassis]
AERO_CG = 51.000000
AERO_COEFFICIENT = 0.160000
DIVE_SPEED = 1.000000
DRAG_COEFFICIENT = 0.300000
FRONT_AXLE = 1.600000
FRONT_WEIGHT_BIAS = 53.000000
RENDER_MOTION = 1.000000
RIDE_HEIGHT = [ 8.500000, 8.500000 ]
ROLL_CENTER = 12.000000
ROLL_SPEED = 1.000000
SHOCK_BLOWOUT = 6.000000
SHOCK_DIGRESSION = [ 0.350000, 0.350000 ]
SHOCK_EXT_STIFFNESS = [ 60.000000, 60.000000 ]
SHOCK_STIFFNESS = [ 40.000000, 45.000000 ]
SHOCK_VALVING = [ 18.000000, 18.000000 ]
SPRING_PROGRESSION = [ 5.000000, 6.200000 ]
SPRING_STIFFNESS = [ 450.000000, 525.000000 ]
SQUAT_SPEED = 1.000000
SWAYBAR_STIFFNESS = [ 150.000000, 200.000000 ]
TRACK_WIDTH = [ 1.600000, 1.604000 ]
TRAVEL = [ 7.500000, 7.500000 ]
WHEEL_BASE = 3.048000

[engine]
ENGINE_BRAKING = [ 0.700000, 0.800000, 0.900000 ]
FLYWHEEL_MASS = 13.000000
IDLE = 800.000000
MAX_RPM = 6800.000000
RED_LINE = 5800.000000
TORQUE = [ 186.000000, 281.000000, 434.000000, 490.000000, 454.000000, 400.000000, 344.000000, 304.000000, 272.000000 ]

[induction]
HIGH_BOOST = 0.040000
LOW_BOOST = 0.100000
PSI = 12.000000
SPOOL = 0.000000
SPOOL_TIME_DOWN = 0.250000
SPOOL_TIME_UP = 2.000000
VACUUM = 0.000000

[tires]
ASPECT_RATIO = [ 45.000000, 45.000000 ]
DRIFT_COUNTER_STEER_BUILDUP = 1.900000
DRIFT_COUNTER_STEER_REDUCTION = 5.500000
DRIFT_ELLIPSE_RATIO = [ 0.600000, 0.600000, 0.600000, 0.600000, 0.500000, 0.500000, 0.500000, 0.600000, 0.600000, 0.600000 ]
DRIFT_LATERAL_FORCE = 62.500000
DRIFT_MAINTAIN_SPEED_FORCE = 1200.000000
DYNAMIC_GRIP = [ 1.500000, 1.500000 ]
GRIP_SCALE = [ 1.000000, 1.000000 ]
RIM_SIZE = [ 20.000000, 20.000000 ]
SECTION_WIDTH = [ 255.000000, 255.000000 ]
STATIC_GRIP = [ 1.650000, 1.700000 ]
STEERING = 1.000000
YAW_CONTROL = [ 0.100000, 0.200000, 0.300000, 0.400000 ]
YAW_SPEED = 0.300000
DRIFT_ADDITIONAL_YAW_CONTROL = [ 4.750000, 4.500000, 4.250000, 4.000000, 4.250000, 4.500000, 4.750000, 4.500000, 4.000000, 3.500000 ]
DRIFT_YAW_CONTROL = [ 0.150000, 0.250000, 0.450000, 0.550000, 0.600000, 0.600000, 1.000000, 1.000000, 1.000000, 1.000000 ]
STEERING_RANGE = [ 46.125000, 15.375000, 11.275000, 8.200000, 7.175000, 7.175000, 7.175000, 7.175000, 7.175000, 7.175000 ]

[transmission]
CLUTCH_SLIP = 0.800000
DIFFERENTIAL = [ 0.000000, 0.500000, 0.000000 ]
FINAL_GEAR = 3.600000
GEAR_EFFICIENCY = [ 1.000000, 1.000000, 1.000000, 1.000000, 1.000000, 1.000000, 1.000000, 1.000000, 1.000000 ]
GEAR_RATIO = [ 3.170000, 0.000000, 3.700000, 2.000000, 1.350000, 1.070000, 0.850000, 0.000000, 0.000000 ]
OPTIMAL_SHIFT = 500.000000
SHIFT_SPEED = 0.250000
TORQUE_CONVERTER = 0.500000
TORQUE_SPLIT = 0.000000