[pvehicle]
TENSOR_SCALE = [ 1.000000, 2.000000, 1.000000 ]

[brakes]
BRAKE_LOCK = [ 1.000000, 3.700000 ]
BRAKES = [ 300.000000, 550.000000 ]
EBRAKE = 550.000000

[chassis]
AERO_CG = 50.000000
AERO_COEFFICIENT = 0.170000
DRAG_COEFFICIENT = 0.300000
FRONT_WEIGHT_BIAS = 50.000000
RENDER_MOTION = 1.000000
RIDE_HEIGHT = [ 7.000000, 7.000000 ]
ROLL_CENTER = 11.500000
SHOCK_BLOWOUT = 7.000000
SHOCK_DIGRESSION = [ 0.500000, 0.500000 ]
SHOCK_EXT_STIFFNESS = [ 45.000000, 60.000000 ]
SHOCK_STIFFNESS = [ 40.000000, 50.000000 ]
SHOCK_VALVING = [ 17.000000, 17.500000 ]
SPRING_PROGRESSION = [ 5.000000, 6.000000 ]
SPRING_STIFFNESS = [ 300.000000, 500.000000 ]
SWAYBAR_STIFFNESS = [ 225.000000, 350.000000 ]
TRAVEL = [ 10.000000, 10.000000 ]

[tires]
DYNAMIC_GRIP = [ 1.275000, 1.275000 ]
GRIP_SCALE = [ 1.000000, 1.000000 ]
STATIC_GRIP = [ 1.500000, 1.500000 ]
STEERING = 1.025000
YAW_CONTROL = [ 0.060000, 0.100000, 0.150000, 0.200000 ]
YAW_SPEED = 0.300000

[transmission]
DIFFERENTIAL = [ 0.000000, 0.450000, 0.000000 ]
TORQUE_SPLIT = 0.000000