[pvehicle]
TENSOR_SCALE = [ 1.000000, 2.000000, 1.000000 ]

[brakes]
BRAKE_LOCK = [ 1.000000, 3.700000 ]
BRAKES = [ 300.000000, 550.000000 ]
EBRAKE = 650.000000

[chassis]
AERO_CG = 49.000000
AERO_COEFFICIENT = 0.180000
DRAG_COEFFICIENT = 0.300000
FRONT_WEIGHT_BIAS = 51.000000
RENDER_MOTION = 1.000000
RIDE_HEIGHT = [ 7.500000, 7.500000 ]
ROLL_CENTER = 13.500000
SHOCK_BLOWOUT = 7.000000
SHOCK_DIGRESSION = [ 0.500000, 0.500000 ]
SHOCK_EXT_STIFFNESS = [ 45.000000, 60.000000 ]
SHOCK_STIFFNESS = [ 40.000000, 50.000000 ]
SHOCK_VALVING = [ 13.000000, 13.000000 ]
SPRING_PROGRESSION = [ 5.000000, 6.000000 ]
SPRING_STIFFNESS = [ 300.000000, 450.000000 ]
SWAYBAR_STIFFNESS = [ 175.000000, 185.000000 ]
TRAVEL = [ 7.000000, 7.000000 ]

[tires]
DYNAMIC_GRIP = [ 1.200000, 1.300000 ]
GRIP_SCALE = [ 1.000000, 1.000000 ]
STATIC_GRIP = [ 1.400000, 1.500000 ]
STEERING = 0.950000
YAW_CONTROL = [ 0.000000, 0.000000, 0.000000, 0.000000 ]
YAW_SPEED = 0.325000

[transmission]
DIFFERENTIAL = [ 0.000000, 0.450000, 0.000000 ]
TORQUE_SPLIT = 0.000000