[pvehicle]
MASS = 1402.000000
TENSOR_SCALE = [ 1.000000, 2.000000, 1.000000, 0.000000 ]

[brakes]
BRAKE_LOCK = [ 1.000000, 3.250000 ]
BRAKES = [ 475.000000, 600.000000 ]
EBRAKE = 700.000000

[chassis]
AERO_CG = 47.750000
AERO_COEFFICIENT = 0.177500
DIVE_SPEED = 1.000000
DRAG_COEFFICIENT = 0.450000
FRONT_AXLE = 1.200000
FRONT_WEIGHT_BIAS = 54.500000
RENDER_MOTION = 0.500000
RIDE_HEIGHT = [ 7.000000, 7.000000 ]
ROLL_CENTER = 9.000000
ROLL_SPEED = 1.000000
SHOCK_BLOWOUT = 6.000000
SHOCK_DIGRESSION = [ 0.300000, 0.300000 ]
SHOCK_EXT_STIFFNESS = [ 75.000000, 75.000000 ]
SHOCK_STIFFNESS = [ 60.000000, 65.000000 ]
SHOCK_VALVING = [ 20.000000, 20.000000 ]
SPRING_PROGRESSION = [ 7.250000, 7.000000 ]
SPRING_STIFFNESS = [ 570.000000, 550.000000 ]
SQUAT_SPEED = 1.000000
SWAYBAR_STIFFNESS = [ 200.000000, 200.000000 ]
TRACK_WIDTH = [ 1.518000, 1.476000 ]
TRAVEL = [ 6.000000, 6.000000 ]
WHEEL_BASE = 2.573200

[engine]
ENGINE_BRAKING = [ 0.700000, 0.800000, 0.900000 ]
FLYWHEEL_MASS = 11.750000
IDLE = 800.000000
MAX_RPM = 8500.000000
RED_LINE = 7500.000000
TORQUE = [ 111.000000, 137.000000, 202.000000, 248.000000, 245.000000, 225.000000, 199.000000, 179.000000, 163.000000 ]

[induction]
HIGH_BOOST = 0.200000
LOW_BOOST = 0.200000
PSI = 12.000000
SPOOL = 0.200000
SPOOL_TIME_DOWN = 0.250000
SPOOL_TIME_UP = 1.000000
VACUUM = -0.050000

[tires]
ASPECT_RATIO = [ 40.000000, 40.000000 ]
DRIFT_COUNTER_STEER_BUILDUP = 1.650000
DRIFT_COUNTER_STEER_REDUCTION = 3.000000
DRIFT_ELLIPSE_RATIO = [ 0.600000, 0.600000, 0.600000, 0.500000, 0.500000, 0.450000, 0.500000, 0.550000, 0.600000, 0.600000 ]
DRIFT_LATERAL_FORCE = 60.000000
DRIFT_MAINTAIN_SPEED_FORCE = 2300.000000
DYNAMIC_GRIP = [ 1.900000, 1.900000 ]
GRIP_SCALE = [ 1.050000, 1.060000 ]
RIM_SIZE = [ 18.000000, 18.000000 ]
SECTION_WIDTH = [ 245.000000, 245.000000 ]
STATIC_GRIP = [ 2.100000, 2.100000 ]
STEERING = 1.085000
YAW_CONTROL = [ 0.450000, 1.000000, 1.350000, 1.500000 ]
YAW_SPEED = 0.315000
DRIFT_ADDITIONAL_YAW_CONTROL = [ 5.500000, 5.000000, 5.000000, 5.000000, 5.000000, 5.000000, 5.000000, 5.000000, 4.500000, 4.000000 ]
DRIFT_YAW_CONTROL = [ 0.300000, 0.500000, 0.500000, 1.000000, 1.000000, 1.250000, 1.500000, 1.500000, 1.500000, 1.500000 ]
STEERING_RANGE = [ 48.825001, 16.275000, 11.935000, 8.680000, 7.595000, 7.595000, 7.595000, 7.595000, 7.595000, 7.595000 ]

[transmission]
CLUTCH_SLIP = 0.800000
DIFFERENTIAL = [ 0.000000, 0.650000, 0.000000 ]
FINAL_GEAR = 4.430000
GEAR_EFFICIENCY = [ 1.000000, 1.000000, 1.000000, 1.000000, 1.000000, 1.000000, 1.000000, 1.000000, 1.000000 ]
GEAR_RATIO = [ 3.120000, 0.000000, 3.910000, 2.160000, 1.460000, 1.100000, 0.900000, 0.760000, 0.000000 ]
OPTIMAL_SHIFT = 500.000000
SHIFT_SPEED = 0.250000
TORQUE_CONVERTER = 0.600000
TORQUE_SPLIT = 0.000000