[pvehicle]
TENSOR_SCALE = [ 1.000000, 2.000000, 1.000000 ]

[brakes]
BRAKE_LOCK = [ 1.000000, 3.250000 ]
BRAKES = [ 475.000000, 600.000000 ]
EBRAKE = 700.000000

[chassis]
AERO_CG = 47.750000
AERO_COEFFICIENT = 0.177500
DRAG_COEFFICIENT = 0.450000
FRONT_WEIGHT_BIAS = 54.500000
RENDER_MOTION = 0.500000
RIDE_HEIGHT = [ 7.000000, 7.000000 ]
ROLL_CENTER = 9.000000
SHOCK_BLOWOUT = 6.000000
SHOCK_DIGRESSION = [ 0.300000, 0.300000 ]
SHOCK_EXT_STIFFNESS = [ 75.000000, 75.000000 ]
SHOCK_STIFFNESS = [ 60.000000, 65.000000 ]
SHOCK_VALVING = [ 20.000000, 20.000000 ]
SPRING_PROGRESSION = [ 7.250000, 7.000000 ]
SPRING_STIFFNESS = [ 570.000000, 550.000000 ]
SWAYBAR_STIFFNESS = [ 200.000000, 200.000000 ]
TRAVEL = [ 6.000000, 6.000000 ]

[tires]
DYNAMIC_GRIP = [ 1.900000, 1.900000 ]
GRIP_SCALE = [ 1.050000, 1.060000 ]
STATIC_GRIP = [ 2.100000, 2.100000 ]
STEERING = 1.085000
YAW_CONTROL = [ 0.450000, 1.000000, 1.350000, 1.500000 ]
YAW_SPEED = 0.315000

[transmission]
DIFFERENTIAL = [ 0.000000, 0.650000, 0.000000 ]
TORQUE_SPLIT = 0.000000