[pvehicle]
TENSOR_SCALE = [ 1.000000, 2.000000, 1.000000 ]

[brakes]
BRAKE_LOCK = [ 1.000000, 3.400000 ]
BRAKES = [ 475.000000, 550.000000 ]
EBRAKE = 550.000000

[chassis]
AERO_CG = 47.000000
AERO_COEFFICIENT = 0.160000
DRAG_COEFFICIENT = 0.300000
FRONT_WEIGHT_BIAS = 54.000000
RENDER_MOTION = 1.000000
RIDE_HEIGHT = [ 7.000000, 7.000000 ]
ROLL_CENTER = 9.200000
SHOCK_BLOWOUT = 6.000000
SHOCK_DIGRESSION = [ 0.350000, 0.350000 ]
SHOCK_EXT_STIFFNESS = [ 55.000000, 60.000000 ]
SHOCK_STIFFNESS = [ 45.000000, 40.000000 ]
SHOCK_VALVING = [ 17.000000, 17.000000 ]
SPRING_PROGRESSION = [ 6.500000, 6.000000 ]
SPRING_STIFFNESS = [ 400.000000, 450.000000 ]
SWAYBAR_STIFFNESS = [ 200.000000, 175.000000 ]
TRAVEL = [ 7.000000, 7.000000 ]

[engine]

[tires]
DYNAMIC_GRIP = [ 1.600000, 1.650000 ]
GRIP_SCALE = [ 1.050000, 1.050000 ]
STATIC_GRIP = [ 1.800000, 1.850000 ]
STEERING = 1.045000
YAW_CONTROL = [ 0.400000, 0.650000, 0.850000, 1.000000 ]
YAW_SPEED = 0.300000

[transmission]
DIFFERENTIAL = [ 0.000000, 0.800000, 0.000000 ]
TORQUE_SPLIT = 0.000000