[pvehicle]
TENSOR_SCALE = [ 1.000000, 2.000000, 1.000000 ]

[brakes]
BRAKE_LOCK = [ 1.000000, 3.500000 ]
BRAKES = [ 400.000000, 500.000000 ]
EBRAKE = 550.000000

[chassis]
AERO_CG = 46.000000
AERO_COEFFICIENT = 0.165000
DRAG_COEFFICIENT = 0.400000
FRONT_WEIGHT_BIAS = 53.400002
RENDER_MOTION = 1.000000
RIDE_HEIGHT = [ 8.000000, 8.000000 ]
ROLL_CENTER = 12.000000
SHOCK_BLOWOUT = 6.000000
SHOCK_DIGRESSION = [ 0.300000, 0.300000 ]
SHOCK_EXT_STIFFNESS = [ 55.000000, 55.000000 ]
SHOCK_STIFFNESS = [ 45.000000, 45.000000 ]
SHOCK_VALVING = [ 20.000000, 20.000000 ]
SPRING_PROGRESSION = [ 6.500000, 6.500000 ]
SPRING_STIFFNESS = [ 475.000000, 400.000000 ]
SWAYBAR_STIFFNESS = [ 200.000000, 275.000000 ]
TRAVEL = [ 7.000000, 7.000000 ]

[tires]
DYNAMIC_GRIP = [ 1.300000, 1.450000 ]
GRIP_SCALE = [ 1.000000, 1.000000 ]
STATIC_GRIP = [ 1.500000, 1.650000 ]
STEERING = 0.800000
YAW_CONTROL = [ 0.100000, 0.300000, 0.600000, 0.800000 ]
YAW_SPEED = 0.300000

[transmission]
DIFFERENTIAL = [ 0.000000, 0.800000, 0.000000 ]
TORQUE_SPLIT = 0.000000