[pvehicle]
MASS = 1629.000000
TENSOR_SCALE = [ 1.000000, 2.000000, 1.000000, 0.000000 ]

[brakes]
BRAKE_LOCK = [ 1.000000, 3.300000 ]
BRAKES = [ 475.000000, 600.000000 ]
EBRAKE = 800.000000

[chassis]
AERO_CG = 46.000000
AERO_COEFFICIENT = 0.175000
DIVE_SPEED = 1.000000
DRAG_COEFFICIENT = 0.350000
FRONT_AXLE = 1.450000
FRONT_WEIGHT_BIAS = 54.000000
RENDER_MOTION = 0.700000
RIDE_HEIGHT = [ 7.000000, 7.000000 ]
ROLL_CENTER = 10.000000
ROLL_SPEED = 1.000000
SHOCK_BLOWOUT = 6.000000
SHOCK_DIGRESSION = [ 0.200000, 0.200000 ]
SHOCK_EXT_STIFFNESS = [ 65.000000, 65.000000 ]
SHOCK_STIFFNESS = [ 65.000000, 60.000000 ]
SHOCK_VALVING = [ 24.000000, 24.000000 ]
SPRING_PROGRESSION = [ 7.500000, 7.000000 ]
SPRING_STIFFNESS = [ 600.000000, 600.000000 ]
SQUAT_SPEED = 1.000000
SWAYBAR_STIFFNESS = [ 275.000000, 300.000000 ]
TRACK_WIDTH = [ 1.495000, 1.475000 ]
TRAVEL = [ 7.000000, 7.000000 ]
WHEEL_BASE = 2.650000

[engine]
ENGINE_BRAKING = [ 0.700000, 0.800000, 0.900000 ]
FLYWHEEL_MASS = 8.000000
IDLE = 800.000000
MAX_RPM = 7700.000000
RED_LINE = 6700.000000
TORQUE = [ 97.000000, 160.000000, 242.000000, 299.000000, 286.000000, 242.000000, 211.000000, 185.000000, 167.000000 ]

[induction]
HIGH_BOOST = 0.300000
LOW_BOOST = 0.100000
PSI = 12.000000
SPOOL = 0.200000
SPOOL_TIME_DOWN = 0.250000
SPOOL_TIME_UP = 1.750000
VACUUM = -0.050000

[tires]
ASPECT_RATIO = [ 40.000000, 40.000000 ]
DRIFT_COUNTER_STEER_BUILDUP = 1.800000
DRIFT_COUNTER_STEER_REDUCTION = 5.000000
DRIFT_ELLIPSE_RATIO = [ 0.500000, 0.500000, 0.500000, 0.400000, 0.400000, 0.450000, 0.450000, 0.500000, 0.500000, 0.500000 ]
DRIFT_LATERAL_FORCE = 57.500000
DRIFT_MAINTAIN_SPEED_FORCE = 1100.000000
DYNAMIC_GRIP = [ 1.500000, 1.650000 ]
GRIP_SCALE = [ 1.000000, 1.000000 ]
RIM_SIZE = [ 17.000000, 17.000000 ]
SECTION_WIDTH = [ 245.000000, 245.000000 ]
STATIC_GRIP = [ 1.700000, 1.850000 ]
STEERING = 0.800000
YAW_CONTROL = [ 0.350000, 0.750000, 1.000000, 1.200000 ]
YAW_SPEED = 0.340000
DRIFT_ADDITIONAL_YAW_CONTROL = [ 5.500000, 5.000000, 4.500000, 4.500000, 4.500000, 4.500000, 4.500000, 4.500000, 4.000000, 3.500000 ]
DRIFT_YAW_CONTROL = [ 0.450000, 0.550000, 0.650000, 0.780000, 0.800000, 0.900000, 1.000000, 1.000000, 1.000000, 1.000000 ]
STEERING_RANGE = [ 45.000000, 15.000000, 11.000000, 8.000000, 7.000000, 7.000000, 7.000000, 7.000000, 7.000000, 7.000000 ]

[transmission]
CLUTCH_SLIP = 0.800000
DIFFERENTIAL = [ 0.000000, 0.800000, 0.000000 ]
FINAL_GEAR = 3.600000
GEAR_EFFICIENCY = [ 1.000000, 1.000000, 1.000000, 1.000000, 1.000000, 1.000000, 1.000000, 1.000000, 1.000000 ]
GEAR_RATIO = [ 2.800000, 0.000000, 4.380000, 2.700000, 1.920000, 1.450000, 1.120000, 0.960000, 0.760000 ]
OPTIMAL_SHIFT = 500.000000
SHIFT_SPEED = 0.250000
TORQUE_CONVERTER = 0.300000
TORQUE_SPLIT = 0.000000