[pvehicle]
TENSOR_SCALE = [ 1.000000, 2.000000, 1.000000 ]

[brakes]
BRAKE_LOCK = [ 1.000000, 3.700000 ]
BRAKES = [ 350.000000, 500.000000 ]
EBRAKE = 600.000000

[chassis]
AERO_CG = 50.000000
AERO_COEFFICIENT = 0.160000
DRAG_COEFFICIENT = 0.300000
FRONT_WEIGHT_BIAS = 50.000000
RENDER_MOTION = 1.000000
RIDE_HEIGHT = [ 7.000000, 7.000000 ]
ROLL_CENTER = 12.000000
SHOCK_BLOWOUT = 6.000000
SHOCK_DIGRESSION = [ 0.400000, 0.400000 ]
SHOCK_EXT_STIFFNESS = [ 53.000000, 60.000000 ]
SHOCK_STIFFNESS = [ 47.000000, 47.000000 ]
SHOCK_VALVING = [ 12.000000, 12.000000 ]
SPRING_PROGRESSION = [ 7.000000, 7.500000 ]
SPRING_STIFFNESS = [ 600.000000, 500.000000 ]
SWAYBAR_STIFFNESS = [ 200.000000, 250.000000 ]
TRAVEL = [ 8.000000, 8.000000 ]

[tires]
DYNAMIC_GRIP = [ 1.600000, 1.700000 ]
GRIP_SCALE = [ 1.000000, 1.000000 ]
STATIC_GRIP = [ 1.800000, 1.900000 ]
STEERING = 1.060000
YAW_CONTROL = [ 0.100000, 0.150000, 0.150000, 0.200000 ]
YAW_SPEED = 0.290000

[transmission]
DIFFERENTIAL = [ 0.000000, 0.500000, 0.000000 ]
TORQUE_SPLIT = 0.000000