[pvehicle]
MASS = 1710.000000
TENSOR_SCALE = [ 1.000000, 2.000000, 1.000000, 0.000000 ]

[brakes]
BRAKE_LOCK = [ 1.000000, 3.250000 ]
BRAKES = [ 440.000000, 550.000000 ]
EBRAKE = 750.000000

[chassis]
AERO_CG = 46.250000
AERO_COEFFICIENT = 0.202500
DIVE_SPEED = 1.000000
DRAG_COEFFICIENT = 0.300000
FRONT_AXLE = 1.426000
FRONT_WEIGHT_BIAS = 53.250000
RENDER_MOTION = 1.000000
RIDE_HEIGHT = [ 6.000000, 6.000000 ]
ROLL_CENTER = 9.400000
ROLL_SPEED = 1.000000
SHOCK_BLOWOUT = 5.000000
SHOCK_DIGRESSION = [ 0.250000, 0.250000 ]
SHOCK_EXT_STIFFNESS = [ 60.000000, 60.000000 ]
SHOCK_STIFFNESS = [ 55.000000, 50.000000 ]
SHOCK_VALVING = [ 15.000000, 15.000000 ]
SPRING_PROGRESSION = [ 7.000000, 7.500000 ]
SPRING_STIFFNESS = [ 600.000000, 525.000000 ]
SQUAT_SPEED = 1.000000
SWAYBAR_STIFFNESS = [ 325.000000, 300.000000 ]
TRACK_WIDTH = [ 1.568000, 1.562000 ]
TRAVEL = [ 6.000000, 6.000000 ]
WHEEL_BASE = 2.741000

[engine]
ENGINE_BRAKING = [ 0.700000, 0.800000, 0.850000 ]
FLYWHEEL_MASS = 13.000000
IDLE = 800.000000
MAX_RPM = 7800.000000
RED_LINE = 6800.000000
TORQUE = [ 84.000000, 126.000000, 182.000000, 245.000000, 294.000000, 273.000000, 245.000000, 225.000000, 212.000000 ]

[tires]
ASPECT_RATIO = [ 35.000000, 35.000000 ]
DRIFT_COUNTER_STEER_BUILDUP = 1.800000
DRIFT_COUNTER_STEER_REDUCTION = 5.000000
DRIFT_ELLIPSE_RATIO = [ 0.500000, 0.500000, 0.500000, 0.400000, 0.400000, 0.450000, 0.450000, 0.500000, 0.500000, 0.500000 ]
DRIFT_LATERAL_FORCE = 57.500000
DRIFT_MAINTAIN_SPEED_FORCE = 1100.000000
DYNAMIC_GRIP = [ 1.800000, 1.900000 ]
GRIP_SCALE = [ 1.000000, 1.000000 ]
RIM_SIZE = [ 19.000000, 19.000000 ]
SECTION_WIDTH = [ 275.000000, 275.000000 ]
STATIC_GRIP = [ 2.000000, 2.100000 ]
STEERING = 0.600000
YAW_CONTROL = [ 0.100000, 0.400000, 0.500000, 0.750000 ]
YAW_SPEED = 0.400000
DRIFT_ADDITIONAL_YAW_CONTROL = [ 5.500000, 5.000000, 4.500000, 4.500000, 4.500000, 4.500000, 4.500000, 4.500000, 4.000000, 3.500000 ]
DRIFT_YAW_CONTROL = [ 1.000000, 1.100000, 1.200000, 1.300000, 1.400000, 1.500000, 1.500000, 1.500000, 1.500000, 1.500000 ]
STEERING_RANGE = [ 47.250000, 15.750000, 11.550000, 8.400000, 7.350000, 7.350000, 7.350000, 7.350000, 7.350000, 7.350000 ]

[transmission]
CLUTCH_SLIP = 0.800000
DIFFERENTIAL = [ 0.000000, 0.800000, 0.000000 ]
FINAL_GEAR = 4.100000
GEAR_EFFICIENCY = [ 1.000000, 1.000000, 1.000000, 1.000000, 1.000000, 1.000000, 1.000000, 1.000000, 1.000000 ]
GEAR_RATIO = [ 2.500000, 0.000000, 3.070000, 1.974000, 1.450000, 1.140000, 0.900000, 0.775000, 0.000000 ]
OPTIMAL_SHIFT = 500.000000
SHIFT_SPEED = 0.250000
TORQUE_CONVERTER = 0.500000
TORQUE_SPLIT = 0.000000