[pvehicle]
TENSOR_SCALE = [ 1.000000, 2.000000, 1.000000 ]

[brakes]
BRAKE_LOCK = [ 1.000000, 3.200000 ]
BRAKES = [ 458.000000, 580.000000 ]
EBRAKE = 700.000000

[chassis]
AERO_CG = 46.500000
AERO_COEFFICIENT = 0.230000
DRAG_COEFFICIENT = 0.450000
FRONT_WEIGHT_BIAS = 53.849998
RENDER_MOTION = 0.500000
RIDE_HEIGHT = [ 8.000000, 8.000000 ]
ROLL_CENTER = 9.000000
SHOCK_BLOWOUT = 6.000000
SHOCK_DIGRESSION = [ 0.200000, 0.200000 ]
SHOCK_EXT_STIFFNESS = [ 75.000000, 70.000000 ]
SHOCK_STIFFNESS = [ 68.000000, 60.000000 ]
SHOCK_VALVING = [ 18.500000, 18.500000 ]
SPRING_PROGRESSION = [ 7.000000, 8.000000 ]
SPRING_STIFFNESS = [ 700.000000, 750.000000 ]
SWAYBAR_STIFFNESS = [ 285.000000, 300.000000 ]
TRAVEL = [ 7.000000, 7.000000 ]

[tires]
DYNAMIC_GRIP = [ 2.000000, 2.100000 ]
GRIP_SCALE = [ 1.100000, 1.150000 ]
STATIC_GRIP = [ 2.200000, 2.300000 ]
STEERING = 1.135000
YAW_CONTROL = [ 0.300000, 0.500000, 0.700000, 1.000000 ]
YAW_SPEED = 0.400000

[transmission]
DIFFERENTIAL = [ 0.500000, 0.000000, 0.000000 ]
TORQUE_SPLIT = 1.000000