[pvehicle]
MASS = 1578.000000
TENSOR_SCALE = [ 1.000000, 2.000000, 1.000000, 0.000000 ]

[brakes]
BRAKE_LOCK = [ 1.000000, 3.200000 ]
BRAKES = [ 458.000000, 580.000000 ]
EBRAKE = 700.000000

[chassis]
AERO_CG = 46.500000
AERO_COEFFICIENT = 0.230000
DIVE_SPEED = 1.000000
DRAG_COEFFICIENT = 0.450000
FRONT_AXLE = 1.250000
FRONT_WEIGHT_BIAS = 53.849998
RENDER_MOTION = 0.500000
RIDE_HEIGHT = [ 8.000000, 8.000000 ]
ROLL_CENTER = 9.000000
ROLL_SPEED = 1.000000
SHOCK_BLOWOUT = 6.000000
SHOCK_DIGRESSION = [ 0.200000, 0.200000 ]
SHOCK_EXT_STIFFNESS = [ 75.000000, 70.000000 ]
SHOCK_STIFFNESS = [ 68.000000, 60.000000 ]
SHOCK_VALVING = [ 18.500000, 18.500000 ]
SPRING_PROGRESSION = [ 7.000000, 8.000000 ]
SPRING_STIFFNESS = [ 700.000000, 750.000000 ]
SQUAT_SPEED = 1.000000
SWAYBAR_STIFFNESS = [ 285.000000, 300.000000 ]
TRACK_WIDTH = [ 1.600000, 1.600000 ]
TRAVEL = [ 7.000000, 7.000000 ]
WHEEL_BASE = 2.700000

[engine]
ENGINE_BRAKING = [ 0.800000, 0.850000, 0.900000 ]
FLYWHEEL_MASS = 10.000000
IDLE = 800.000000
MAX_RPM = 7500.000000
RED_LINE = 6500.000000
TORQUE = [ 117.000000, 150.000000, 205.000000, 279.000000, 303.000000, 280.000000, 245.000000, 217.000000, 191.000000 ]

[induction]
HIGH_BOOST = 0.100000
LOW_BOOST = 0.200000
PSI = 15.000000
SPOOL = 0.200000
SPOOL_TIME_DOWN = 0.250000
SPOOL_TIME_UP = 1.500000
VACUUM = -0.050000

[tires]
ASPECT_RATIO = [ 45.000000, 45.000000 ]
DRIFT_COUNTER_STEER_BUILDUP = 1.650000
DRIFT_COUNTER_STEER_REDUCTION = 3.000000
DRIFT_ELLIPSE_RATIO = [ 0.600000, 0.600000, 0.600000, 0.500000, 0.500000, 0.450000, 0.500000, 0.550000, 0.600000, 0.600000 ]
DRIFT_LATERAL_FORCE = 60.000000
DRIFT_MAINTAIN_SPEED_FORCE = 2300.000000
DYNAMIC_GRIP = [ 2.000000, 2.100000 ]
GRIP_SCALE = [ 1.100000, 1.150000 ]
RIM_SIZE = [ 18.000000, 18.000000 ]
SECTION_WIDTH = [ 235.000000, 235.000000 ]
STATIC_GRIP = [ 2.200000, 2.300000 ]
STEERING = 1.135000
YAW_CONTROL = [ 0.300000, 0.500000, 0.700000, 1.000000 ]
YAW_SPEED = 0.400000
DRIFT_ADDITIONAL_YAW_CONTROL = [ 5.500000, 5.000000, 5.000000, 5.000000, 5.000000, 5.000000, 5.000000, 5.000000, 4.500000, 4.000000 ]
DRIFT_YAW_CONTROL = [ 0.050000, 0.100000, 0.200000, 0.300000, 0.400000, 0.500000, 0.600000, 0.700000, 0.800000, 0.900000 ]
STEERING_RANGE = [ 51.075001, 17.025000, 12.485000, 9.080000, 7.945000, 7.945000, 7.945000, 7.945000, 7.945000, 7.945000 ]

[transmission]
CLUTCH_SLIP = 0.800000
DIFFERENTIAL = [ 0.500000, 0.000000, 0.000000 ]
FINAL_GEAR = 3.800000
GEAR_EFFICIENCY = [ 1.000000, 1.000000, 1.000000, 1.000000, 1.000000, 1.000000, 1.000000, 1.000000, 1.000000 ]
GEAR_RATIO = [ 2.800000, 0.000000, 3.214000, 2.100000, 1.535000, 1.171000, 0.940000, 0.790000, 0.000000 ]
OPTIMAL_SHIFT = 500.000000
SHIFT_SPEED = 0.250000
TORQUE_CONVERTER = 0.200000
TORQUE_SPLIT = 1.000000