[pvehicle]
MASS = 1324.000000
TENSOR_SCALE = [ 1.000000, 2.000000, 1.000000, 0.000000 ]

[brakes]
BRAKE_LOCK = [ 1.000000, 3.500000 ]
BRAKES = [ 300.000000, 500.000000 ]
EBRAKE = 750.000000

[chassis]
AERO_CG = 46.250000
AERO_COEFFICIENT = 0.240000
DIVE_SPEED = 1.000000
DRAG_COEFFICIENT = 0.425000
FRONT_AXLE = 1.250000
FRONT_WEIGHT_BIAS = 54.849998
RENDER_MOTION = 1.000000
RIDE_HEIGHT = [ 9.000000, 9.000000 ]
ROLL_CENTER = 10.000000
ROLL_SPEED = 1.000000
SHOCK_BLOWOUT = 6.000000
SHOCK_DIGRESSION = [ 0.200000, 0.200000 ]
SHOCK_EXT_STIFFNESS = [ 55.000000, 55.000000 ]
SHOCK_STIFFNESS = [ 45.000000, 45.000000 ]
SHOCK_VALVING = [ 18.000000, 18.000000 ]
SPRING_PROGRESSION = [ 6.000000, 6.000000 ]
SPRING_STIFFNESS = [ 400.000000, 600.000000 ]
SQUAT_SPEED = 1.000000
SWAYBAR_STIFFNESS = [ 150.000000, 150.000000 ]
TRACK_WIDTH = [ 1.514000, 1.509000 ]
TRAVEL = [ 7.000000, 7.000000 ]
WHEEL_BASE = 2.509000

[engine]
ENGINE_BRAKING = [ 0.700000, 0.800000, 0.900000 ]
FLYWHEEL_MASS = 12.000000
IDLE = 800.000000
MAX_RPM = 7500.000000
RED_LINE = 6500.000000
TORQUE = [ 94.000000, 124.000000, 175.000000, 246.000000, 240.000000, 220.000000, 195.000000, 173.000000, 155.000000 ]

[induction]
HIGH_BOOST = 0.100000
LOW_BOOST = 0.100000
PSI = 13.000000
SPOOL = 0.220000
SPOOL_TIME_DOWN = 0.250000
SPOOL_TIME_UP = 2.500000
VACUUM = -0.020000

[tires]
ASPECT_RATIO = [ 55.000000, 55.000000 ]
DRIFT_COUNTER_STEER_BUILDUP = 1.650000
DRIFT_COUNTER_STEER_REDUCTION = 3.000000
DRIFT_ELLIPSE_RATIO = [ 0.600000, 0.600000, 0.600000, 0.500000, 0.500000, 0.450000, 0.500000, 0.550000, 0.600000, 0.600000 ]
DRIFT_LATERAL_FORCE = 60.000000
DRIFT_MAINTAIN_SPEED_FORCE = 2300.000000
DYNAMIC_GRIP = [ 1.500000, 1.650000 ]
GRIP_SCALE = [ 1.077500, 1.125000 ]
RIM_SIZE = [ 16.000000, 16.000000 ]
SECTION_WIDTH = [ 205.000000, 205.000000 ]
STATIC_GRIP = [ 1.700000, 1.850000 ]
STEERING = 0.990000
YAW_CONTROL = [ 0.300000, 0.650000, 0.800000, 1.000000 ]
YAW_SPEED = 0.300000
DRIFT_ADDITIONAL_YAW_CONTROL = [ 5.500000, 5.000000, 5.000000, 5.000000, 5.000000, 5.000000, 5.000000, 5.000000, 4.500000, 4.000000 ]
DRIFT_YAW_CONTROL = [ 0.100000, 0.150000, 0.200000, 0.300000, 0.400000, 0.500000, 0.600000, 0.700000, 0.800000, 0.900000 ]
STEERING_RANGE = [ 47.250000, 15.750000, 11.550000, 8.400000, 7.350000, 7.350000, 7.350000, 7.350000, 7.350000, 7.350000 ]

[transmission]
CLUTCH_SLIP = 0.800000
DIFFERENTIAL = [ 0.800000, 0.000000, 0.000000 ]
FINAL_GEAR = 4.600000
GEAR_EFFICIENCY = [ 1.000000, 1.000000, 1.000000, 1.000000, 1.000000, 1.000000, 1.000000, 1.000000, 1.000000 ]
GEAR_RATIO = [ 2.800000, 0.000000, 3.083000, 1.684000, 1.115000, 0.833000, 0.667000, 0.000000, 0.000000 ]
OPTIMAL_SHIFT = 500.000000
SHIFT_SPEED = 0.250000
TORQUE_CONVERTER = 0.500000
TORQUE_SPLIT = 1.000000