[pvehicle]
TENSOR_SCALE = [ 1.000000, 2.000000, 1.000000 ]

[brakes]
BRAKE_LOCK = [ 1.000000, 3.000000 ]
BRAKES = [ 300.000000, 500.000000 ]
EBRAKE = 600.000000

[chassis]
AERO_CG = 47.000000
AERO_COEFFICIENT = 0.210000
DRAG_COEFFICIENT = 0.400000
FRONT_WEIGHT_BIAS = 54.000000
RENDER_MOTION = 1.000000
RIDE_HEIGHT = [ 9.000000, 9.000000 ]
ROLL_CENTER = 9.750000
SHOCK_BLOWOUT = 6.000000
SHOCK_DIGRESSION = [ 0.200000, 0.200000 ]
SHOCK_EXT_STIFFNESS = [ 58.000000, 57.000000 ]
SHOCK_STIFFNESS = [ 47.000000, 52.000000 ]
SHOCK_VALVING = [ 24.000000, 24.000000 ]
SPRING_PROGRESSION = [ 6.000000, 7.000000 ]
SPRING_STIFFNESS = [ 550.000000, 600.000000 ]
SWAYBAR_STIFFNESS = [ 275.000000, 290.000000 ]
TRAVEL = [ 7.000000, 7.000000 ]

[engine]

[tires]
DYNAMIC_GRIP = [ 1.750000, 1.750000 ]
GRIP_SCALE = [ 1.070000, 1.100000 ]
STATIC_GRIP = [ 2.000000, 2.000000 ]
STEERING = 1.050000
YAW_CONTROL = [ 0.200000, 0.500000, 0.650000, 0.750000 ]
YAW_SPEED = 0.450000

[transmission]
DIFFERENTIAL = [ 0.800000, 0.800000, 0.000000 ]
TORQUE_SPLIT = 1.000000