[pvehicle]
MASS = 861.000000
TENSOR_SCALE = [ 1.000000, 3.300000, 1.000000, 0.000000 ]

[brakes]
BRAKE_LOCK = [ 1.000000, 3.250000 ]
BRAKES = [ 350.000000, 500.000000 ]
EBRAKE = 700.000000

[chassis]
AERO_CG = 42.000000
AERO_COEFFICIENT = 0.150000
DIVE_SPEED = 1.000000
DRAG_COEFFICIENT = 0.260000
FRONT_AXLE = 1.130000
FRONT_WEIGHT_BIAS = 54.000000
RENDER_MOTION = 0.500000
RIDE_HEIGHT = [ 8.000000, 8.000000 ]
ROLL_CENTER = 11.000000
ROLL_SPEED = 1.000000
SHOCK_BLOWOUT = 5.000000
SHOCK_DIGRESSION = [ 0.250000, 0.250000 ]
SHOCK_EXT_STIFFNESS = [ 70.000000, 72.000000 ]
SHOCK_STIFFNESS = [ 65.000000, 52.000000 ]
SHOCK_VALVING = [ 15.000000, 15.000000 ]
SPRING_PROGRESSION = [ 8.000000, 6.750000 ]
SPRING_STIFFNESS = [ 585.000000, 450.000000 ]
SQUAT_SPEED = 1.000000
SWAYBAR_STIFFNESS = [ 275.000000, 200.000000 ]
TRACK_WIDTH = [ 1.465000, 1.522000 ]
TRAVEL = [ 7.000000, 7.000000 ]
WHEEL_BASE = 2.370000

[engine]
ENGINE_BRAKING = [ 0.750000, 0.800000, 0.900000 ]
FLYWHEEL_MASS = 9.500000
IDLE = 800.000000
MAX_RPM = 9300.000000
RED_LINE = 8300.000000
TORQUE = [ 77.000000, 93.000000, 126.000000, 170.000000, 193.000000, 185.000000, 175.000000, 165.000000, 155.000000 ]

[induction]
HIGH_BOOST = 0.100000
LOW_BOOST = 0.050000
PSI = 13.000000
SPOOL = 0.200000
SPOOL_TIME_DOWN = 0.250000
SPOOL_TIME_UP = 2.250000
VACUUM = -0.080000

[tires]
ASPECT_RATIO = [ 45.000000, 45.000000 ]
DRIFT_COUNTER_STEER_BUILDUP = 1.800000
DRIFT_COUNTER_STEER_REDUCTION = 5.000000
DRIFT_ELLIPSE_RATIO = [ 0.500000, 0.500000, 0.500000, 0.400000, 0.400000, 0.450000, 0.450000, 0.500000, 0.500000, 0.500000 ]
DRIFT_LATERAL_FORCE = 35.000000
DRIFT_MAINTAIN_SPEED_FORCE = 850.000000
DYNAMIC_GRIP = [ 1.500000, 1.650000 ]
GRIP_SCALE = [ 0.900000, 1.025000 ]
RIM_SIZE = [ 17.000000, 17.000000 ]
SECTION_WIDTH = [ 225.000000, 225.000000 ]
STATIC_GRIP = [ 1.700000, 1.800000 ]
STEERING = 0.800000
YAW_CONTROL = [ 0.200000, 0.500000, 0.800000, 1.000000 ]
YAW_SPEED = 0.350000
DRIFT_ADDITIONAL_YAW_CONTROL = [ 5.500000, 5.000000, 4.500000, 4.500000, 4.500000, 4.500000, 4.500000, 4.500000, 4.000000, 3.500000 ]
DRIFT_YAW_CONTROL = [ 0.550000, 0.550000, 0.650000, 0.750000, 0.850000, 0.950000, 1.000000, 1.250000, 1.250000, 1.250000 ]
STEERING_RANGE = [ 36.000000, 12.000000, 8.800000, 6.400000, 5.600000, 5.600000, 5.600000, 5.600000, 5.600000, 5.600000 ]

[transmission]
CLUTCH_SLIP = 0.700000
DIFFERENTIAL = [ 0.000000, 0.850000, 0.000000 ]
FINAL_GEAR = 3.700000
GEAR_EFFICIENCY = [ 1.000000, 1.000000, 1.000000, 0.900000, 0.900000, 1.000000, 1.000000, 1.000000, 1.000000 ]
GEAR_RATIO = [ 4.400000, 0.000000, 3.120000, 2.000000, 1.481000, 1.200000, 0.970000, 0.835000, 0.000000 ]
OPTIMAL_SHIFT = 500.000000
SHIFT_SPEED = 0.250000
TORQUE_CONVERTER = 0.550000
TORQUE_SPLIT = 0.000000