[pvehicle]
MASS = 861.000000
TENSOR_SCALE = [ 1.000000, 3.300000, 1.000000, 0.000000 ]

[brakes]
BRAKE_LOCK = [ 1.000000, 3.000000 ]
BRAKES = [ 280.000000, 350.000000 ]
EBRAKE = 400.000000

[chassis]
AERO_CG = 44.000000
AERO_COEFFICIENT = 0.130000
DIVE_SPEED = 1.000000
DRAG_COEFFICIENT = 0.220000
FRONT_AXLE = 1.130000
FRONT_WEIGHT_BIAS = 53.000000
RENDER_MOTION = 1.000000
RIDE_HEIGHT = [ 8.000000, 8.000000 ]
ROLL_CENTER = 12.000000
ROLL_SPEED = 1.000000
SHOCK_BLOWOUT = 5.000000
SHOCK_DIGRESSION = [ 0.400000, 0.400000 ]
SHOCK_EXT_STIFFNESS = [ 60.000000, 60.000000 ]
SHOCK_STIFFNESS = [ 50.000000, 45.000000 ]
SHOCK_VALVING = [ 18.000000, 18.000000 ]
SPRING_PROGRESSION = [ 6.100000, 5.100000 ]
SPRING_STIFFNESS = [ 450.000000, 375.000000 ]
SQUAT_SPEED = 1.000000
SWAYBAR_STIFFNESS = [ 175.000000, 150.000000 ]
TRACK_WIDTH = [ 1.465000, 1.522000 ]
TRAVEL = [ 7.000000, 7.000000 ]
WHEEL_BASE = 2.350000

[engine]
ENGINE_BRAKING = [ 0.750000, 0.830000, 0.900000 ]
FLYWHEEL_MASS = 10.000000
IDLE = 800.000000
MAX_RPM = 9300.000000
RED_LINE = 8300.000000
TORQUE = [ 76.000000, 81.000000, 95.000000, 119.000000, 142.000000, 124.000000, 107.000000, 95.000000, 86.000000 ]

[tires]
ASPECT_RATIO = [ 45.000000, 45.000000 ]
DRIFT_COUNTER_STEER_BUILDUP = 1.800000
DRIFT_COUNTER_STEER_REDUCTION = 5.000000
DRIFT_ELLIPSE_RATIO = [ 0.500000, 0.500000, 0.500000, 0.400000, 0.400000, 0.450000, 0.450000, 0.500000, 0.500000, 0.500000 ]
DRIFT_LATERAL_FORCE = 35.000000
DRIFT_MAINTAIN_SPEED_FORCE = 850.000000
DYNAMIC_GRIP = [ 1.200000, 1.400000 ]
GRIP_SCALE = [ 1.000000, 1.000000 ]
RIM_SIZE = [ 17.000000, 17.000000 ]
SECTION_WIDTH = [ 225.000000, 225.000000 ]
STATIC_GRIP = [ 1.400000, 1.600000 ]
STEERING = 0.800000
YAW_CONTROL = [ 0.200000, 0.400000, 0.700000, 1.000000 ]
YAW_SPEED = 0.420000
DRIFT_ADDITIONAL_YAW_CONTROL = [ 5.500000, 5.000000, 4.500000, 4.500000, 4.500000, 4.500000, 4.500000, 4.500000, 4.000000, 3.500000 ]
DRIFT_YAW_CONTROL = [ 0.750000, 0.850000, 0.950000, 1.000000, 1.200000, 1.250000, 1.500000, 1.500000, 1.500000, 1.500000 ]
STEERING_RANGE = [ 36.000000, 12.000000, 8.800000, 6.400000, 5.600000, 5.600000, 5.600000, 5.600000, 5.600000, 5.600000 ]

[transmission]
CLUTCH_SLIP = 0.700000
DIFFERENTIAL = [ 0.000000, 0.850000, 0.000000 ]
FINAL_GEAR = 4.350000
GEAR_EFFICIENCY = [ 1.000000, 1.000000, 0.850000, 0.870000, 1.000000, 1.000000, 1.000000, 1.000000, 1.000000 ]
GEAR_RATIO = [ 3.600000, 0.000000, 3.300000, 2.050000, 1.481000, 1.200000, 1.000000, 0.870000, 0.000000 ]
OPTIMAL_SHIFT = 500.000000
SHIFT_SPEED = 0.250000
TORQUE_CONVERTER = 0.500000
TORQUE_SPLIT = 0.000000