[pvehicle]
TENSOR_SCALE = [ 1.000000, 3.300000, 1.000000 ]

[brakes]
BRAKE_LOCK = [ 1.000000, 3.250000 ]
BRAKES = [ 350.000000, 500.000000 ]
EBRAKE = 700.000000

[chassis]
AERO_CG = 42.000000
AERO_COEFFICIENT = 0.150000
DRAG_COEFFICIENT = 0.260000
FRONT_WEIGHT_BIAS = 54.000000
RENDER_MOTION = 0.500000
RIDE_HEIGHT = [ 8.000000, 8.000000 ]
ROLL_CENTER = 11.000000
SHOCK_BLOWOUT = 5.000000
SHOCK_DIGRESSION = [ 0.250000, 0.250000 ]
SHOCK_EXT_STIFFNESS = [ 70.000000, 72.000000 ]
SHOCK_STIFFNESS = [ 65.000000, 52.000000 ]
SHOCK_VALVING = [ 15.000000, 15.000000 ]
SPRING_PROGRESSION = [ 8.000000, 6.750000 ]
SPRING_STIFFNESS = [ 585.000000, 450.000000 ]
SWAYBAR_STIFFNESS = [ 275.000000, 200.000000 ]
TRAVEL = [ 7.000000, 7.000000 ]

[tires]
DYNAMIC_GRIP = [ 1.500000, 1.650000 ]
GRIP_SCALE = [ 0.900000, 1.025000 ]
STATIC_GRIP = [ 1.700000, 1.800000 ]
STEERING = 0.800000
YAW_CONTROL = [ 0.200000, 0.500000, 0.800000, 1.000000 ]
YAW_SPEED = 0.350000

[transmission]
DIFFERENTIAL = [ 0.000000, 0.850000, 0.000000 ]
TORQUE_SPLIT = 0.000000