[pvehicle]
MASS = 995.000000
TENSOR_SCALE = [ 1.000000, 2.000000, 1.000000, 0.000000 ]

[brakes]
BRAKE_LOCK = [ 1.000000, 3.000000 ]
BRAKES = [ 300.000000, 400.000000 ]
EBRAKE = 500.000000

[chassis]
AERO_CG = 45.000000
AERO_COEFFICIENT = 0.145000
DIVE_SPEED = 1.000000
DRAG_COEFFICIENT = 0.265000
FRONT_AXLE = 1.145000
FRONT_WEIGHT_BIAS = 53.000000
RENDER_MOTION = 1.000000
RIDE_HEIGHT = [ 7.000000, 7.000000 ]
ROLL_CENTER = 11.000000
ROLL_SPEED = 1.000000
SHOCK_BLOWOUT = 5.000000
SHOCK_DIGRESSION = [ 0.400000, 0.400000 ]
SHOCK_EXT_STIFFNESS = [ 50.000000, 50.000000 ]
SHOCK_STIFFNESS = [ 35.000000, 35.000000 ]
SHOCK_VALVING = [ 18.000000, 18.000000 ]
SPRING_PROGRESSION = [ 6.100000, 5.100000 ]
SPRING_STIFFNESS = [ 450.000000, 400.000000 ]
SQUAT_SPEED = 1.000000
SWAYBAR_STIFFNESS = [ 175.000000, 180.000000 ]
TRACK_WIDTH = [ 1.465000, 1.522000 ]
TRAVEL = [ 6.000000, 6.000000 ]
WHEEL_BASE = 2.350000

[engine]
ENGINE_BRAKING = [ 0.750000, 0.830000, 0.900000 ]
FLYWHEEL_MASS = 13.000000
IDLE = 800.000000
MAX_RPM = 9000.000000
RED_LINE = 8000.000000
TORQUE = [ 84.000000, 99.000000, 121.000000, 149.000000, 156.000000, 136.000000, 118.000000, 105.000000, 95.000000 ]

[induction]
HIGH_BOOST = 0.100000
LOW_BOOST = 0.100000
PSI = 11.000000
SPOOL = 0.225000
SPOOL_TIME_DOWN = 0.250000
SPOOL_TIME_UP = 2.500000
VACUUM = -0.030000

[tires]
ASPECT_RATIO = [ 45.000000, 45.000000 ]
DRIFT_COUNTER_STEER_BUILDUP = 1.800000
DRIFT_COUNTER_STEER_REDUCTION = 5.000000
DRIFT_ELLIPSE_RATIO = [ 0.500000, 0.500000, 0.500000, 0.400000, 0.400000, 0.450000, 0.450000, 0.500000, 0.500000, 0.500000 ]
DRIFT_LATERAL_FORCE = 45.000000
DRIFT_MAINTAIN_SPEED_FORCE = 850.000000
DYNAMIC_GRIP = [ 1.300000, 1.400000 ]
GRIP_SCALE = [ 1.000000, 1.000000 ]
RIM_SIZE = [ 17.000000, 17.000000 ]
SECTION_WIDTH = [ 225.000000, 225.000000 ]
STATIC_GRIP = [ 1.500000, 1.600000 ]
STEERING = 0.900000
YAW_CONTROL = [ 0.200000, 0.400000, 0.700000, 1.000000 ]
YAW_SPEED = 0.325000
DRIFT_ADDITIONAL_YAW_CONTROL = [ 5.500000, 5.000000, 4.500000, 4.500000, 4.500000, 4.500000, 4.500000, 4.500000, 4.000000, 3.500000 ]
DRIFT_YAW_CONTROL = [ 0.550000, 0.750000, 0.850000, 0.950000, 1.000000, 1.100000, 1.250000, 1.350000, 1.500000, 1.500000 ]
STEERING_RANGE = [ 36.000000, 12.000000, 8.800000, 6.400000, 5.600000, 5.600000, 5.600000, 5.600000, 5.600000, 5.600000 ]

[transmission]
CLUTCH_SLIP = 0.700000
DIFFERENTIAL = [ 0.000000, 0.850000, 0.000000 ]
FINAL_GEAR = 4.200000
GEAR_EFFICIENCY = [ 1.000000, 1.000000, 1.000000, 1.000000, 1.000000, 1.000000, 1.000000, 1.000000, 1.000000 ]
GEAR_RATIO = [ 3.250000, 0.000000, 3.300000, 2.050000, 1.481000, 1.200000, 1.010000, 0.870000, 0.000000 ]
OPTIMAL_SHIFT = 500.000000
SHIFT_SPEED = 0.250000
TORQUE_CONVERTER = 0.100000
TORQUE_SPLIT = 0.000000