[pvehicle]
MASS = 1545.000000
TENSOR_SCALE = [ 1.000000, 2.000000, 1.000000, 0.000000 ]

[brakes]
BRAKE_LOCK = [ 1.000000, 3.100000 ]
BRAKES = [ 450.000000, 575.000000 ]
EBRAKE = 790.000000

[chassis]
AERO_CG = 45.700001
AERO_COEFFICIENT = 0.205000
DIVE_SPEED = 1.000000
DRAG_COEFFICIENT = 0.300000
FRONT_AXLE = 1.180000
FRONT_WEIGHT_BIAS = 53.500000
RENDER_MOTION = 1.000000
RIDE_HEIGHT = [ 6.500000, 6.500000 ]
ROLL_CENTER = 9.800000
ROLL_SPEED = 1.000000
SHOCK_BLOWOUT = 8.000000
SHOCK_DIGRESSION = [ 0.300000, 0.300000 ]
SHOCK_EXT_STIFFNESS = [ 65.000000, 65.000000 ]
SHOCK_STIFFNESS = [ 57.000000, 60.000000 ]
SHOCK_VALVING = [ 20.000000, 20.000000 ]
SPRING_PROGRESSION = [ 7.600000, 8.000000 ]
SPRING_STIFFNESS = [ 585.000000, 600.000000 ]
SQUAT_SPEED = 1.000000
SWAYBAR_STIFFNESS = [ 300.000000, 200.000000 ]
TRACK_WIDTH = [ 1.465000, 1.522000 ]
TRAVEL = [ 6.500000, 6.500000 ]
WHEEL_BASE = 2.650000

[engine]
ENGINE_BRAKING = [ 0.750000, 0.800000, 0.900000 ]
FLYWHEEL_MASS = 8.000000
IDLE = 800.000000
MAX_RPM = 7500.000000
RED_LINE = 6500.000000
TORQUE = [ 128.000000, 170.000000, 264.000000, 374.000000, 386.000000, 340.000000, 293.000000, 255.000000, 227.000000 ]

[induction]
HIGH_BOOST = 0.200000
LOW_BOOST = 0.200000
PSI = 14.000000
SPOOL = 0.000000
SPOOL_TIME_DOWN = 0.000000
SPOOL_TIME_UP = 0.000000
VACUUM = 0.000000

[tires]
ASPECT_RATIO = [ 40.000000, 40.000000 ]
DRIFT_COUNTER_STEER_BUILDUP = 1.800000
DRIFT_COUNTER_STEER_REDUCTION = 5.000000
DRIFT_ELLIPSE_RATIO = [ 0.500000, 0.500000, 0.500000, 0.400000, 0.400000, 0.450000, 0.450000, 0.500000, 0.500000, 0.500000 ]
DRIFT_LATERAL_FORCE = 50.000000
DRIFT_MAINTAIN_SPEED_FORCE = 1100.000000
DYNAMIC_GRIP = [ 1.850000, 1.950000 ]
GRIP_SCALE = [ 1.000000, 1.000000 ]
RIM_SIZE = [ 19.000000, 19.000000 ]
SECTION_WIDTH = [ 315.000000, 315.000000 ]
STATIC_GRIP = [ 2.050000, 2.150000 ]
STEERING = 0.950000
YAW_CONTROL = [ 0.200000, 0.400000, 0.550000, 0.750000 ]
YAW_SPEED = 0.350000
DRIFT_ADDITIONAL_YAW_CONTROL = [ 5.500000, 5.000000, 4.500000, 4.500000, 4.500000, 4.500000, 4.500000, 4.500000, 4.000000, 3.500000 ]
DRIFT_YAW_CONTROL = [ 0.350000, 0.450000, 0.500000, 1.000000, 1.000000, 1.250000, 1.500000, 1.500000, 1.500000, 1.500000 ]
STEERING_RANGE = [ 49.500000, 16.500000, 12.100000, 8.800000, 7.700000, 7.700000, 7.700000, 7.700000, 7.700000, 7.700000 ]

[transmission]
CLUTCH_SLIP = 0.800000
DIFFERENTIAL = [ 0.000000, 0.800000, 0.000000 ]
FINAL_GEAR = 4.100000
GEAR_EFFICIENCY = [ 1.000000, 1.000000, 0.980000, 1.000000, 1.000000, 1.000000, 1.000000, 1.000000, 1.000000 ]
GEAR_RATIO = [ 2.500000, 0.000000, 2.610000, 1.750000, 1.300000, 1.000000, 0.840000, 0.700000, 0.000000 ]
OPTIMAL_SHIFT = 500.000000
SHIFT_SPEED = 0.250000
TORQUE_CONVERTER = 0.200000
TORQUE_SPLIT = 0.000000