[pvehicle]
MASS = 1581.000000
TENSOR_SCALE = [ 1.000000, 2.000000, 1.000000, 0.000000 ]

[brakes]
BRAKE_LOCK = [ 1.000000, 3.500000 ]
BRAKES = [ 400.000000, 475.000000 ]
EBRAKE = 550.000000

[chassis]
AERO_CG = 48.000000
AERO_COEFFICIENT = 0.220000
DIVE_SPEED = 1.000000
DRAG_COEFFICIENT = 0.325000
FRONT_AXLE = 1.500000
FRONT_WEIGHT_BIAS = 54.500000
RENDER_MOTION = 1.000000
RIDE_HEIGHT = [ 8.500000, 8.500000 ]
ROLL_CENTER = 10.000000
ROLL_SPEED = 1.000000
SHOCK_BLOWOUT = 5.000000
SHOCK_DIGRESSION = [ 0.350000, 0.350000 ]
SHOCK_EXT_STIFFNESS = [ 65.000000, 65.000000 ]
SHOCK_STIFFNESS = [ 45.000000, 52.000000 ]
SHOCK_VALVING = [ 16.000000, 16.000000 ]
SPRING_PROGRESSION = [ 5.750000, 6.000000 ]
SPRING_STIFFNESS = [ 525.000000, 525.000000 ]
SQUAT_SPEED = 1.000000
SWAYBAR_STIFFNESS = [ 275.000000, 225.000000 ]
TRACK_WIDTH = [ 1.534000, 1.539000 ]
TRAVEL = [ 7.250000, 7.250000 ]
WHEEL_BASE = 2.850000

[engine]
ENGINE_BRAKING = [ 0.700000, 0.800000, 0.900000 ]
FLYWHEEL_MASS = 15.000000
IDLE = 800.000000
MAX_RPM = 7600.000000
RED_LINE = 6600.000000
TORQUE = [ 95.000000, 138.000000, 200.000000, 247.000000, 257.000000, 228.000000, 200.000000, 176.000000, 157.000000 ]

[induction]
HIGH_BOOST = 0.100000
LOW_BOOST = 0.100000
PSI = 13.000000
SPOOL = 0.200000
SPOOL_TIME_DOWN = 0.250000
SPOOL_TIME_UP = 2.500000
VACUUM = -0.050000

[tires]
ASPECT_RATIO = [ 50.000000, 50.000000 ]
DRIFT_COUNTER_STEER_BUILDUP = 1.650000
DRIFT_COUNTER_STEER_REDUCTION = 3.000000
DRIFT_ELLIPSE_RATIO = [ 0.600000, 0.600000, 0.600000, 0.500000, 0.500000, 0.450000, 0.500000, 0.550000, 0.600000, 0.600000 ]
DRIFT_LATERAL_FORCE = 65.000000
DRIFT_MAINTAIN_SPEED_FORCE = 2300.000000
DYNAMIC_GRIP = [ 1.550000, 1.600000 ]
GRIP_SCALE = [ 1.050000, 1.100000 ]
RIM_SIZE = [ 18.000000, 18.000000 ]
SECTION_WIDTH = [ 245.000000, 245.000000 ]
STATIC_GRIP = [ 1.700000, 1.800000 ]
STEERING = 0.950000
YAW_CONTROL = [ 0.300000, 0.750000, 0.900000, 1.150000 ]
YAW_SPEED = 0.275000
DRIFT_ADDITIONAL_YAW_CONTROL = [ 5.500000, 5.000000, 5.000000, 5.000000, 5.000000, 5.000000, 5.000000, 5.000000, 4.500000, 4.000000 ]
DRIFT_YAW_CONTROL = [ 0.150000, 0.250000, 0.350000, 0.400000, 0.600000, 0.850000, 1.000000, 1.250000, 1.500000, 1.500000 ]
STEERING_RANGE = [ 48.599998, 16.200001, 11.880000, 8.640000, 7.560000, 7.560000, 7.560000, 7.560000, 7.560000, 7.560000 ]

[transmission]
CLUTCH_SLIP = 0.800000
DIFFERENTIAL = [ 0.000000, 0.700000, 0.000000 ]
FINAL_GEAR = 4.135000
GEAR_EFFICIENCY = [ 1.000000, 1.000000, 1.000000, 1.000000, 1.000000, 1.000000, 1.000000, 1.000000, 1.000000 ]
GEAR_RATIO = [ 2.800000, 0.000000, 3.500000, 2.200000, 1.570000, 1.225000, 1.000000, 0.825000, 0.000000 ]
OPTIMAL_SHIFT = 500.000000
SHIFT_SPEED = 0.100000
TORQUE_CONVERTER = 0.100000
TORQUE_SPLIT = 0.000000