[pvehicle]
TENSOR_SCALE = [ 1.000000, 2.000000, 1.000000 ]

[brakes]
BRAKE_LOCK = [ 1.000000, 3.500000 ]
BRAKES = [ 400.000000, 475.000000 ]
EBRAKE = 550.000000

[chassis]
AERO_CG = 48.000000
AERO_COEFFICIENT = 0.220000
DRAG_COEFFICIENT = 0.325000
FRONT_WEIGHT_BIAS = 54.500000
RENDER_MOTION = 1.000000
RIDE_HEIGHT = [ 8.500000, 8.500000 ]
ROLL_CENTER = 10.000000
SHOCK_BLOWOUT = 5.000000
SHOCK_DIGRESSION = [ 0.350000, 0.350000 ]
SHOCK_EXT_STIFFNESS = [ 65.000000, 65.000000 ]
SHOCK_STIFFNESS = [ 45.000000, 52.000000 ]
SHOCK_VALVING = [ 16.000000, 16.000000 ]
SPRING_PROGRESSION = [ 5.750000, 6.000000 ]
SPRING_STIFFNESS = [ 525.000000, 525.000000 ]
SWAYBAR_STIFFNESS = [ 275.000000, 225.000000 ]
TRAVEL = [ 7.250000, 7.250000 ]

[tires]
DYNAMIC_GRIP = [ 1.550000, 1.600000 ]
GRIP_SCALE = [ 1.050000, 1.100000 ]
STATIC_GRIP = [ 1.700000, 1.800000 ]
STEERING = 0.950000
YAW_CONTROL = [ 0.300000, 0.750000, 0.900000, 1.150000 ]
YAW_SPEED = 0.275000

[transmission]
DIFFERENTIAL = [ 0.000000, 0.700000, 0.000000 ]
TORQUE_SPLIT = 0.000000