[pvehicle]
TENSOR_SCALE = [ 1.000000, 2.000000, 1.000000 ]

[brakes]
BRAKE_LOCK = [ 1.000000, 3.500000 ]
BRAKES = [ 450.000000, 600.000000 ]
EBRAKE = 800.000000

[chassis]
AERO_CG = 48.000000
AERO_COEFFICIENT = 0.245000
DRAG_COEFFICIENT = 0.300000
FRONT_WEIGHT_BIAS = 54.000000
RENDER_MOTION = 0.650000
RIDE_HEIGHT = [ 8.000000, 8.000000 ]
ROLL_CENTER = 9.000000
SHOCK_BLOWOUT = 5.000000
SHOCK_DIGRESSION = [ 0.300000, 0.300000 ]
SHOCK_EXT_STIFFNESS = [ 75.000000, 75.000000 ]
SHOCK_STIFFNESS = [ 60.000000, 67.000000 ]
SHOCK_VALVING = [ 20.000000, 20.000000 ]
SPRING_PROGRESSION = [ 6.000000, 7.000000 ]
SPRING_STIFFNESS = [ 775.000000, 700.000000 ]
SWAYBAR_STIFFNESS = [ 350.000000, 300.000000 ]
TRAVEL = [ 6.750000, 6.750000 ]

[tires]
DYNAMIC_GRIP = [ 1.700000, 1.800000 ]
GRIP_SCALE = [ 1.150000, 1.150000 ]
STATIC_GRIP = [ 1.900000, 2.000000 ]
STEERING = 1.050000
YAW_CONTROL = [ 0.350000, 0.750000, 1.000000, 1.500000 ]
YAW_SPEED = 0.280000

[transmission]
DIFFERENTIAL = [ 0.000000, 0.800000, 0.000000 ]
TORQUE_SPLIT = 0.000000