[pvehicle]
MASS = 1614.000000
TENSOR_SCALE = [ 1.000000, 2.000000, 1.000000, 0.000000 ]

[brakes]
BRAKE_LOCK = [ 1.000000, 3.100000 ]
BRAKES = [ 515.000000, 700.000000 ]
EBRAKE = 900.000000

[chassis]
AERO_CG = 46.000000
AERO_COEFFICIENT = 0.250000
DIVE_SPEED = 1.000000
DRAG_COEFFICIENT = 0.400000
FRONT_AXLE = 1.175000
FRONT_WEIGHT_BIAS = 53.750000
RENDER_MOTION = 0.500000
RIDE_HEIGHT = [ 6.250000, 6.250000 ]
ROLL_CENTER = 9.000000
ROLL_SPEED = 1.000000
SHOCK_BLOWOUT = 6.000000
SHOCK_DIGRESSION = [ 0.200000, 0.200000 ]
SHOCK_EXT_STIFFNESS = [ 60.000000, 75.000000 ]
SHOCK_STIFFNESS = [ 69.000000, 58.000000 ]
SHOCK_VALVING = [ 24.000000, 24.000000 ]
SPRING_PROGRESSION = [ 6.750000, 6.750000 ]
SPRING_STIFFNESS = [ 725.000000, 800.000000 ]
SQUAT_SPEED = 1.000000
SWAYBAR_STIFFNESS = [ 375.000000, 375.000000 ]
TRACK_WIDTH = [ 1.622000, 1.592000 ]
TRAVEL = [ 6.000000, 6.000000 ]
WHEEL_BASE = 2.600000

[engine]
ENGINE_BRAKING = [ 0.700000, 0.800000, 0.900000 ]
FLYWHEEL_MASS = 8.000000
IDLE = 800.000000
MAX_RPM = 9000.000000
RED_LINE = 8000.000000
TORQUE = [ 171.000000, 226.000000, 315.000000, 410.000000, 446.000000, 428.000000, 398.000000, 368.000000, 345.000000 ]

[induction]
HIGH_BOOST = 0.200000
LOW_BOOST = 0.200000
PSI = 15.000000
SPOOL = 0.200000
SPOOL_TIME_DOWN = 0.250000
SPOOL_TIME_UP = 1.000000
VACUUM = -0.050000

[tires]
ASPECT_RATIO = [ 35.000000, 35.000000 ]
DRIFT_COUNTER_STEER_BUILDUP = 1.800000
DRIFT_COUNTER_STEER_REDUCTION = 5.000000
DRIFT_ELLIPSE_RATIO = [ 0.500000, 0.500000, 0.500000, 0.400000, 0.400000, 0.450000, 0.450000, 0.500000, 0.500000, 0.500000 ]
DRIFT_LATERAL_FORCE = 60.000000
DRIFT_MAINTAIN_SPEED_FORCE = 1100.000000
DYNAMIC_GRIP = [ 1.900000, 2.050000 ]
GRIP_SCALE = [ 1.050000, 1.100000 ]
RIM_SIZE = [ 19.000000, 19.000000 ]
SECTION_WIDTH = [ 235.000000, 235.000000 ]
STATIC_GRIP = [ 2.100000, 2.300000 ]
STEERING = 0.800000
YAW_CONTROL = [ 0.200000, 0.600000, 0.850000, 1.000000 ]
YAW_SPEED = 0.285000
DRIFT_ADDITIONAL_YAW_CONTROL = [ 5.000000, 4.500000, 4.000000, 4.000000, 4.000000, 4.000000, 4.000000, 4.000000, 3.500000, 3.000000 ]
DRIFT_YAW_CONTROL = [ 0.950000, 0.950000, 0.975000, 1.000000, 1.100000, 1.200000, 1.200000, 1.200000, 1.200000, 1.200000 ]
STEERING_RANGE = [ 45.000000, 15.000000, 11.000000, 8.000000, 7.000000, 7.000000, 7.000000, 7.000000, 7.000000, 7.000000 ]

[transmission]
CLUTCH_SLIP = 0.800000
DIFFERENTIAL = [ 0.800000, 0.800000, 0.800000 ]
FINAL_GEAR = 3.300000
GEAR_EFFICIENCY = [ 1.000000, 1.000000, 1.000000, 1.000000, 1.000000, 1.000000, 1.000000, 1.000000, 1.000000 ]
GEAR_RATIO = [ 2.800000, 0.000000, 2.563000, 1.850000, 1.423000, 1.138000, 0.950000, 0.800000, 0.000000 ]
OPTIMAL_SHIFT = 500.000000
SHIFT_SPEED = 0.250000
TORQUE_CONVERTER = 0.300000
TORQUE_SPLIT = 0.500000