[pvehicle]
MASS = 1614.000000
TENSOR_SCALE = [ 1.000000, 2.000000, 1.000000, 0.000000 ]

[brakes]
BRAKE_LOCK = [ 1.000000, 3.150000 ]
BRAKES = [ 425.000000, 575.000000 ]
EBRAKE = 850.000000

[chassis]
AERO_CG = 48.500000
AERO_COEFFICIENT = 0.230000
DIVE_SPEED = 1.000000
DRAG_COEFFICIENT = 0.387000
FRONT_AXLE = 1.175000
FRONT_WEIGHT_BIAS = 54.650002
RENDER_MOTION = 1.000000
RIDE_HEIGHT = [ 6.500000, 6.500000 ]
ROLL_CENTER = 9.200000
ROLL_SPEED = 1.000000
SHOCK_BLOWOUT = 6.000000
SHOCK_DIGRESSION = [ 0.300000, 0.300000 ]
SHOCK_EXT_STIFFNESS = [ 55.000000, 65.000000 ]
SHOCK_STIFFNESS = [ 50.000000, 50.000000 ]
SHOCK_VALVING = [ 19.000000, 19.000000 ]
SPRING_PROGRESSION = [ 6.500000, 6.000000 ]
SPRING_STIFFNESS = [ 600.000000, 675.000000 ]
SQUAT_SPEED = 1.000000
SWAYBAR_STIFFNESS = [ 260.000000, 260.000000 ]
TRACK_WIDTH = [ 1.622000, 1.592000 ]
TRAVEL = [ 6.500000, 6.500000 ]
WHEEL_BASE = 2.560000

[engine]
ENGINE_BRAKING = [ 0.700000, 0.800000, 0.900000 ]
FLYWHEEL_MASS = 12.000000
IDLE = 800.000000
MAX_RPM = 9000.000000
RED_LINE = 8000.000000
TORQUE = [ 123.000000, 181.000000, 270.000000, 351.000000, 381.000000, 341.000000, 305.000000, 276.000000, 254.000000 ]

[induction]
HIGH_BOOST = 0.100000
LOW_BOOST = 0.100000
PSI = 15.000000
SPOOL = 0.200000
SPOOL_TIME_DOWN = 0.250000
SPOOL_TIME_UP = 1.500000
VACUUM = -0.050000

[tires]
ASPECT_RATIO = [ 35.000000, 35.000000 ]
DRIFT_COUNTER_STEER_BUILDUP = 1.800000
DRIFT_COUNTER_STEER_REDUCTION = 5.000000
DRIFT_ELLIPSE_RATIO = [ 0.500000, 0.500000, 0.500000, 0.400000, 0.400000, 0.450000, 0.450000, 0.500000, 0.500000, 0.500000 ]
DRIFT_LATERAL_FORCE = 60.000000
DRIFT_MAINTAIN_SPEED_FORCE = 1100.000000
DYNAMIC_GRIP = [ 1.750000, 2.050000 ]
GRIP_SCALE = [ 1.010000, 1.060000 ]
RIM_SIZE = [ 19.000000, 19.000000 ]
SECTION_WIDTH = [ 235.000000, 235.000000 ]
STATIC_GRIP = [ 1.950000, 2.250000 ]
STEERING = 0.850000
YAW_CONTROL = [ 0.250000, 0.650000, 1.000000, 1.200000 ]
YAW_SPEED = 0.320000
DRIFT_ADDITIONAL_YAW_CONTROL = [ 5.000000, 4.500000, 4.000000, 4.000000, 4.000000, 4.000000, 4.000000, 4.000000, 3.500000, 3.000000 ]
DRIFT_YAW_CONTROL = [ 0.350000, 0.450000, 0.550000, 0.650000, 0.750000, 0.850000, 1.000000, 1.200000, 1.200000, 1.200000 ]
STEERING_RANGE = [ 47.250000, 15.750000, 11.550000, 8.400000, 7.350000, 7.350000, 7.350000, 7.350000, 7.350000, 7.350000 ]

[transmission]
CLUTCH_SLIP = 0.850000
DIFFERENTIAL = [ 0.600000, 0.500000, 0.600000 ]
FINAL_GEAR = 3.900000
GEAR_EFFICIENCY = [ 1.000000, 1.000000, 1.000000, 1.000000, 1.000000, 1.000000, 1.000000, 1.000000, 1.000000 ]
GEAR_RATIO = [ 2.625000, 0.000000, 2.860000, 1.900000, 1.423000, 1.138000, 0.950000, 0.815000, 0.000000 ]
OPTIMAL_SHIFT = 500.000000
SHIFT_SPEED = 0.250000
TORQUE_CONVERTER = 0.450000
TORQUE_SPLIT = 0.500000