[pvehicle]
TENSOR_SCALE = [ 1.000000, 2.000000, 1.000000 ]

[brakes]
BRAKE_LOCK = [ 1.000000, 3.150000 ]
BRAKES = [ 425.000000, 575.000000 ]
EBRAKE = 850.000000

[chassis]
AERO_CG = 48.500000
AERO_COEFFICIENT = 0.230000
DRAG_COEFFICIENT = 0.387000
FRONT_WEIGHT_BIAS = 54.650002
RENDER_MOTION = 1.000000
RIDE_HEIGHT = [ 6.500000, 6.500000 ]
ROLL_CENTER = 9.200000
SHOCK_BLOWOUT = 6.000000
SHOCK_DIGRESSION = [ 0.300000, 0.300000 ]
SHOCK_EXT_STIFFNESS = [ 55.000000, 65.000000 ]
SHOCK_STIFFNESS = [ 50.000000, 50.000000 ]
SHOCK_VALVING = [ 19.000000, 19.000000 ]
SPRING_PROGRESSION = [ 6.500000, 6.000000 ]
SPRING_STIFFNESS = [ 600.000000, 675.000000 ]
SWAYBAR_STIFFNESS = [ 260.000000, 260.000000 ]
TRAVEL = [ 6.500000, 6.500000 ]

[tires]
DYNAMIC_GRIP = [ 1.750000, 2.050000 ]
GRIP_SCALE = [ 1.010000, 1.060000 ]
STATIC_GRIP = [ 1.950000, 2.250000 ]
STEERING = 0.850000
YAW_CONTROL = [ 0.250000, 0.650000, 1.000000, 1.200000 ]
YAW_SPEED = 0.320000

[transmission]
DIFFERENTIAL = [ 0.600000, 0.500000, 0.600000 ]
TORQUE_SPLIT = 0.500000