[pvehicle]
TENSOR_SCALE = [ 1.000000, 2.000000, 1.000000 ]

[brakes]
BRAKE_LOCK = [ 1.000000, 3.100000 ]
BRAKES = [ 515.000000, 700.000000 ]
EBRAKE = 900.000000

[chassis]
AERO_CG = 46.000000
AERO_COEFFICIENT = 0.250000
DRAG_COEFFICIENT = 0.400000
FRONT_WEIGHT_BIAS = 53.750000
RENDER_MOTION = 0.500000
RIDE_HEIGHT = [ 6.250000, 6.250000 ]
ROLL_CENTER = 9.000000
SHOCK_BLOWOUT = 6.000000
SHOCK_DIGRESSION = [ 0.200000, 0.200000 ]
SHOCK_EXT_STIFFNESS = [ 60.000000, 75.000000 ]
SHOCK_STIFFNESS = [ 69.000000, 58.000000 ]
SHOCK_VALVING = [ 24.000000, 24.000000 ]
SPRING_PROGRESSION = [ 6.750000, 6.750000 ]
SPRING_STIFFNESS = [ 725.000000, 800.000000 ]
SWAYBAR_STIFFNESS = [ 375.000000, 375.000000 ]
TRAVEL = [ 6.000000, 6.000000 ]

[tires]
DYNAMIC_GRIP = [ 1.900000, 2.050000 ]
GRIP_SCALE = [ 1.050000, 1.100000 ]
STATIC_GRIP = [ 2.100000, 2.300000 ]
STEERING = 0.800000
YAW_CONTROL = [ 0.200000, 0.600000, 0.850000, 1.000000 ]
YAW_SPEED = 0.285000

[transmission]
DIFFERENTIAL = [ 0.800000, 0.800000, 0.800000 ]
TORQUE_SPLIT = 0.500000