[pvehicle]
TENSOR_SCALE = [ 1.000000, 2.000000, 1.000000 ]

[brakes]
BRAKE_LOCK = [ 1.000000, 3.250000 ]
BRAKES = [ 450.000000, 500.000000 ]
EBRAKE = 600.000000

[chassis]
AERO_CG = 49.000000
AERO_COEFFICIENT = 0.167500
DRAG_COEFFICIENT = 0.270000
FRONT_WEIGHT_BIAS = 50.500000
RENDER_MOTION = 1.000000
RIDE_HEIGHT = [ 8.000000, 8.000000 ]
ROLL_CENTER = 12.000000
SHOCK_BLOWOUT = 6.000000
SHOCK_DIGRESSION = [ 0.450000, 0.450000 ]
SHOCK_EXT_STIFFNESS = [ 55.000000, 60.000000 ]
SHOCK_STIFFNESS = [ 40.000000, 50.000000 ]
SHOCK_VALVING = [ 14.000000, 14.000000 ]
SPRING_PROGRESSION = [ 6.000000, 6.000000 ]
SPRING_STIFFNESS = [ 425.000000, 525.000000 ]
SWAYBAR_STIFFNESS = [ 175.000000, 250.000000 ]
TRAVEL = [ 7.500000, 7.500000 ]

[engine]

[tires]
DYNAMIC_GRIP = [ 1.300000, 1.400000 ]
GRIP_SCALE = [ 1.000000, 1.000000 ]
STATIC_GRIP = [ 1.500000, 1.600000 ]
STEERING = 1.020000
YAW_CONTROL = [ 0.020000, 0.050000, 0.070000, 0.100000 ]
YAW_SPEED = 0.325000

[transmission]
DIFFERENTIAL = [ 0.000000, 0.500000, 0.000000 ]
TORQUE_SPLIT = 0.000000