[pvehicle]
MASS = 1595.000000
TENSOR_SCALE = [ 1.000000, 2.000000, 1.000000, 0.000000 ]

[brakes]
BRAKE_LOCK = [ 1.000000, 3.000000 ]
BRAKES = [ 550.000000, 625.000000 ]
EBRAKE = 1000.000000

[chassis]
AERO_CG = 47.000000
AERO_COEFFICIENT = 0.265000
DIVE_SPEED = 1.000000
DRAG_COEFFICIENT = 0.380000
FRONT_AXLE = 1.440000
FRONT_WEIGHT_BIAS = 54.500000
RENDER_MOTION = 0.500000
RIDE_HEIGHT = [ 6.000000, 6.000000 ]
ROLL_CENTER = 9.500000
ROLL_SPEED = 1.000000
SHOCK_BLOWOUT = 6.000000
SHOCK_DIGRESSION = [ 0.350000, 0.350000 ]
SHOCK_EXT_STIFFNESS = [ 77.000000, 80.000000 ]
SHOCK_STIFFNESS = [ 70.000000, 67.000000 ]
SHOCK_VALVING = [ 20.000000, 20.000000 ]
SPRING_PROGRESSION = [ 7.500000, 8.800000 ]
SPRING_STIFFNESS = [ 725.000000, 700.000000 ]
SQUAT_SPEED = 1.000000
SWAYBAR_STIFFNESS = [ 375.000000, 375.000000 ]
TRACK_WIDTH = [ 1.504000, 1.498000 ]
TRAVEL = [ 6.000000, 6.000000 ]
WHEEL_BASE = 2.752000

[engine]
ENGINE_BRAKING = [ 0.700000, 0.800000, 0.900000 ]
FLYWHEEL_MASS = 9.500000
IDLE = 800.000000
MAX_RPM = 7000.000000
RED_LINE = 6000.000000
TORQUE = [ 115.000000, 192.000000, 301.000000, 390.000000, 403.000000, 374.000000, 336.000000, 301.000000, 281.000000 ]

[induction]
HIGH_BOOST = 0.200000
LOW_BOOST = 0.225000
PSI = 13.000000
SPOOL = 0.100000
SPOOL_TIME_DOWN = 0.250000
SPOOL_TIME_UP = 1.500000
VACUUM = -0.030000

[tires]
ASPECT_RATIO = [ 30.000000, 30.000000 ]
DRIFT_COUNTER_STEER_BUILDUP = 1.800000
DRIFT_COUNTER_STEER_REDUCTION = 5.000000
DRIFT_ELLIPSE_RATIO = [ 0.500000, 0.500000, 0.500000, 0.400000, 0.400000, 0.450000, 0.450000, 0.500000, 0.500000, 0.500000 ]
DRIFT_LATERAL_FORCE = 57.500000
DRIFT_MAINTAIN_SPEED_FORCE = 1100.000000
DYNAMIC_GRIP = [ 1.950000, 2.100000 ]
GRIP_SCALE = [ 1.040000, 1.070000 ]
RIM_SIZE = [ 20.000000, 20.000000 ]
SECTION_WIDTH = [ 285.000000, 285.000000 ]
STATIC_GRIP = [ 2.150000, 2.300000 ]
STEERING = 0.900000
YAW_CONTROL = [ 0.300000, 0.550000, 0.750000, 1.000000 ]
YAW_SPEED = 0.320000
DRIFT_ADDITIONAL_YAW_CONTROL = [ 5.500000, 5.000000, 4.500000, 4.500000, 4.500000, 4.500000, 4.500000, 4.500000, 4.000000, 3.500000 ]
DRIFT_YAW_CONTROL = [ 0.150000, 0.250000, 0.350000, 0.450000, 0.550000, 0.650000, 0.750000, 0.850000, 1.000000, 1.000000 ]
STEERING_RANGE = [ 45.000000, 15.000000, 11.000000, 8.000000, 7.000000, 7.000000, 7.000000, 7.000000, 7.000000, 7.000000 ]

[transmission]
CLUTCH_SLIP = 0.800000
DIFFERENTIAL = [ 0.000000, 0.850000, 0.000000 ]
FINAL_GEAR = 3.200000
GEAR_EFFICIENCY = [ 1.000000, 1.000000, 1.000000, 1.000000, 1.000000, 1.000000, 1.000000, 1.000000, 1.000000 ]
GEAR_RATIO = [ 2.600000, 0.000000, 2.700000, 1.800000, 1.350000, 1.070000, 0.870000, 0.750000, 0.000000 ]
OPTIMAL_SHIFT = 500.000000
SHIFT_SPEED = 0.250000
TORQUE_CONVERTER = 0.100000
TORQUE_SPLIT = 0.000000