[pvehicle]
TENSOR_SCALE = [ 1.000000, 2.000000, 1.000000 ]

[brakes]
BRAKE_LOCK = [ 1.000000, 3.250000 ]
BRAKES = [ 500.000000, 550.000000 ]
EBRAKE = 750.000000

[chassis]
AERO_CG = 46.250000
AERO_COEFFICIENT = 0.210000
DRAG_COEFFICIENT = 0.350000
FRONT_WEIGHT_BIAS = 53.474998
RENDER_MOTION = 1.000000
RIDE_HEIGHT = [ 6.000000, 6.000000 ]
ROLL_CENTER = 10.000000
SHOCK_BLOWOUT = 5.000000
SHOCK_DIGRESSION = [ 0.350000, 0.350000 ]
SHOCK_EXT_STIFFNESS = [ 65.000000, 65.000000 ]
SHOCK_STIFFNESS = [ 60.000000, 55.000000 ]
SHOCK_VALVING = [ 16.500000, 16.500000 ]
SPRING_PROGRESSION = [ 7.200000, 7.000000 ]
SPRING_STIFFNESS = [ 600.000000, 525.000000 ]
SWAYBAR_STIFFNESS = [ 299.000000, 284.000000 ]
TRAVEL = [ 6.000000, 6.000000 ]

[tires]
DYNAMIC_GRIP = [ 1.800000, 1.900000 ]
GRIP_SCALE = [ 1.020000, 1.040000 ]
STATIC_GRIP = [ 2.000000, 2.100000 ]
STEERING = 0.850000
YAW_CONTROL = [ 0.100000, 0.400000, 0.500000, 0.750000 ]
YAW_SPEED = 0.300000

[transmission]
DIFFERENTIAL = [ 0.000000, 0.800000, 0.000000 ]
TORQUE_SPLIT = 0.000000