[pvehicle]
MASS = 1595.000000
TENSOR_SCALE = [ 1.000000, 2.000000, 1.000000, 0.000000 ]

[brakes]
BRAKE_LOCK = [ 1.000000, 3.250000 ]
BRAKES = [ 500.000000, 550.000000 ]
EBRAKE = 750.000000

[chassis]
AERO_CG = 46.250000
AERO_COEFFICIENT = 0.210000
DIVE_SPEED = 1.000000
DRAG_COEFFICIENT = 0.350000
FRONT_AXLE = 1.440000
FRONT_WEIGHT_BIAS = 53.474998
RENDER_MOTION = 1.000000
RIDE_HEIGHT = [ 6.000000, 6.000000 ]
ROLL_CENTER = 10.000000
ROLL_SPEED = 1.000000
SHOCK_BLOWOUT = 5.000000
SHOCK_DIGRESSION = [ 0.350000, 0.350000 ]
SHOCK_EXT_STIFFNESS = [ 65.000000, 65.000000 ]
SHOCK_STIFFNESS = [ 60.000000, 55.000000 ]
SHOCK_VALVING = [ 16.500000, 16.500000 ]
SPRING_PROGRESSION = [ 7.200000, 7.000000 ]
SPRING_STIFFNESS = [ 600.000000, 525.000000 ]
SQUAT_SPEED = 1.000000
SWAYBAR_STIFFNESS = [ 299.000000, 284.000000 ]
TRACK_WIDTH = [ 1.504000, 1.498000 ]
TRAVEL = [ 6.000000, 6.000000 ]
WHEEL_BASE = 2.752000

[engine]
ENGINE_BRAKING = [ 0.700000, 0.800000, 0.850000 ]
FLYWHEEL_MASS = 13.000000
IDLE = 800.000000
MAX_RPM = 7000.000000
RED_LINE = 6000.000000
TORQUE = [ 92.000000, 154.000000, 242.000000, 314.000000, 323.000000, 300.000000, 270.000000, 242.000000, 226.000000 ]

[induction]
HIGH_BOOST = 0.100000
LOW_BOOST = 0.150000
PSI = 11.000000
SPOOL = 0.300000
SPOOL_TIME_DOWN = 0.250000
SPOOL_TIME_UP = 2.500000
VACUUM = -0.100000

[tires]
ASPECT_RATIO = [ 45.000000, 45.000000 ]
DRIFT_COUNTER_STEER_BUILDUP = 1.800000
DRIFT_COUNTER_STEER_REDUCTION = 5.000000
DRIFT_ELLIPSE_RATIO = [ 0.500000, 0.500000, 0.500000, 0.400000, 0.400000, 0.450000, 0.450000, 0.500000, 0.500000, 0.500000 ]
DRIFT_LATERAL_FORCE = 57.500000
DRIFT_MAINTAIN_SPEED_FORCE = 1100.000000
DYNAMIC_GRIP = [ 1.800000, 1.900000 ]
GRIP_SCALE = [ 1.020000, 1.040000 ]
RIM_SIZE = [ 18.000000, 18.000000 ]
SECTION_WIDTH = [ 255.000000, 255.000000 ]
STATIC_GRIP = [ 2.000000, 2.100000 ]
STEERING = 0.850000
YAW_CONTROL = [ 0.100000, 0.400000, 0.500000, 0.750000 ]
YAW_SPEED = 0.300000
DRIFT_ADDITIONAL_YAW_CONTROL = [ 5.500000, 5.000000, 4.500000, 4.500000, 4.500000, 4.500000, 4.500000, 4.500000, 4.000000, 3.500000 ]
DRIFT_YAW_CONTROL = [ 0.300000, 0.450000, 0.550000, 0.660000, 0.750000, 0.800000, 0.900000, 1.000000, 1.200000, 1.500000 ]
STEERING_RANGE = [ 47.250000, 15.750000, 11.550000, 8.400000, 7.350000, 7.350000, 7.350000, 7.350000, 7.350000, 7.350000 ]

[transmission]
CLUTCH_SLIP = 0.850000
DIFFERENTIAL = [ 0.000000, 0.800000, 0.000000 ]
FINAL_GEAR = 3.820000
GEAR_EFFICIENCY = [ 1.000000, 1.000000, 1.000000, 1.000000, 1.000000, 1.000000, 1.000000, 1.000000, 1.000000 ]
GEAR_RATIO = [ 2.500000, 0.000000, 2.700000, 1.800000, 1.350000, 1.070000, 0.870000, 0.750000, 0.000000 ]
OPTIMAL_SHIFT = 500.000000
SHIFT_SPEED = 0.250000
TORQUE_CONVERTER = 0.100000
TORQUE_SPLIT = 0.000000