[pvehicle]
TENSOR_SCALE = [ 1.000000, 2.000000, 1.000000 ]

[brakes]
BRAKE_LOCK = [ 1.000000, 3.400000 ]
BRAKES = [ 525.000000, 675.000000 ]
EBRAKE = 950.000000

[chassis]
AERO_CG = 47.000000
AERO_COEFFICIENT = 0.265000
DRAG_COEFFICIENT = 0.400000
FRONT_WEIGHT_BIAS = 54.000000
RENDER_MOTION = 1.000000
RIDE_HEIGHT = [ 8.000000, 8.000000 ]
ROLL_CENTER = 9.000000
SHOCK_BLOWOUT = 8.000000
SHOCK_DIGRESSION = [ 0.400000, 0.400000 ]
SHOCK_EXT_STIFFNESS = [ 70.000000, 80.000000 ]
SHOCK_STIFFNESS = [ 67.000000, 65.000000 ]
SHOCK_VALVING = [ 18.000000, 18.000000 ]
SPRING_PROGRESSION = [ 7.000000, 7.000000 ]
SPRING_STIFFNESS = [ 800.000000, 750.000000 ]
SWAYBAR_STIFFNESS = [ 350.000000, 275.000000 ]
TRAVEL = [ 6.500000, 6.500000 ]

[tires]
DYNAMIC_GRIP = [ 2.000000, 2.100000 ]
GRIP_SCALE = [ 1.200000, 1.200000 ]
STATIC_GRIP = [ 2.200000, 2.300000 ]
STEERING = 1.100000
YAW_CONTROL = [ 0.250000, 0.450000, 0.550000, 1.000000 ]
YAW_SPEED = 0.300000

[transmission]
DIFFERENTIAL = [ 0.700000, 0.700000, 0.700000 ]
TORQUE_SPLIT = 0.450000