[pvehicle]
TENSOR_SCALE = [ 1.000000, 2.000000, 1.000000 ]

[brakes]
BRAKE_LOCK = [ 1.000000, 3.500000 ]
BRAKES = [ 475.000000, 550.000000 ]
EBRAKE = 800.000000

[chassis]
AERO_CG = 48.000000
AERO_COEFFICIENT = 0.250000
DRAG_COEFFICIENT = 0.260000
FRONT_WEIGHT_BIAS = 53.500000
RENDER_MOTION = 1.000000
RIDE_HEIGHT = [ 8.000000, 8.000000 ]
ROLL_CENTER = 10.000000
SHOCK_BLOWOUT = 8.000000
SHOCK_DIGRESSION = [ 0.250000, 0.250000 ]
SHOCK_EXT_STIFFNESS = [ 50.000000, 50.000000 ]
SHOCK_STIFFNESS = [ 50.000000, 40.000000 ]
SHOCK_VALVING = [ 17.000000, 17.000000 ]
SPRING_PROGRESSION = [ 6.500000, 6.000000 ]
SPRING_STIFFNESS = [ 500.000000, 470.000000 ]
SWAYBAR_STIFFNESS = [ 250.000000, 250.000000 ]
TRAVEL = [ 6.500000, 6.500000 ]

[tires]
DYNAMIC_GRIP = [ 1.700000, 1.800000 ]
GRIP_SCALE = [ 1.200000, 1.200000 ]
STATIC_GRIP = [ 1.900000, 2.000000 ]
STEERING = 1.050000
YAW_CONTROL = [ 0.250000, 0.350000, 0.650000, 1.000000 ]
YAW_SPEED = 0.300000

[transmission]
DIFFERENTIAL = [ 0.850000, 0.500000, 0.750000 ]
TORQUE_SPLIT = 0.500000