[pvehicle]
MASS = 1490.000000
TENSOR_SCALE = [ 1.000000, 2.000000, 1.000000, 0.000000 ]

[brakes]
BRAKE_LOCK = [ 1.000000, 3.500000 ]
BRAKES = [ 475.000000, 550.000000 ]
EBRAKE = 800.000000

[chassis]
AERO_CG = 48.000000
AERO_COEFFICIENT = 0.250000
DIVE_SPEED = 1.000000
DRAG_COEFFICIENT = 0.260000
FRONT_AXLE = 1.300000
FRONT_WEIGHT_BIAS = 53.500000
RENDER_MOTION = 1.000000
RIDE_HEIGHT = [ 8.000000, 8.000000 ]
ROLL_CENTER = 10.000000
ROLL_SPEED = 1.000000
SHOCK_BLOWOUT = 8.000000
SHOCK_DIGRESSION = [ 0.250000, 0.250000 ]
SHOCK_EXT_STIFFNESS = [ 50.000000, 50.000000 ]
SHOCK_STIFFNESS = [ 50.000000, 40.000000 ]
SHOCK_VALVING = [ 17.000000, 17.000000 ]
SPRING_PROGRESSION = [ 6.500000, 6.000000 ]
SPRING_STIFFNESS = [ 500.000000, 470.000000 ]
SQUAT_SPEED = 1.000000
SWAYBAR_STIFFNESS = [ 250.000000, 250.000000 ]
TRACK_WIDTH = [ 1.515000, 1.515000 ]
TRAVEL = [ 6.500000, 6.500000 ]
WHEEL_BASE = 2.625000

[engine]
ENGINE_BRAKING = [ 0.700000, 0.750000, 0.800000 ]
FLYWHEEL_MASS = 10.000000
IDLE = 850.000000
MAX_RPM = 8000.000000
RED_LINE = 7000.000000
TORQUE = [ 99.000000, 186.000000, 322.000000, 358.000000, 322.000000, 278.000000, 247.000000, 222.000000, 210.000000 ]

[induction]
HIGH_BOOST = 0.150000
LOW_BOOST = 0.150000
PSI = 14.000000
SPOOL = 0.200000
SPOOL_TIME_DOWN = 0.250000
SPOOL_TIME_UP = 1.500000
VACUUM = -0.070000

[tires]
ASPECT_RATIO = [ 45.000000, 45.000000 ]
DRIFT_COUNTER_STEER_BUILDUP = 1.650000
DRIFT_COUNTER_STEER_REDUCTION = 3.000000
DRIFT_ELLIPSE_RATIO = [ 0.600000, 0.600000, 0.600000, 0.500000, 0.500000, 0.450000, 0.500000, 0.550000, 0.600000, 0.600000 ]
DRIFT_LATERAL_FORCE = 52.500000
DRIFT_MAINTAIN_SPEED_FORCE = 2300.000000
DYNAMIC_GRIP = [ 1.700000, 1.800000 ]
GRIP_SCALE = [ 1.200000, 1.200000 ]
RIM_SIZE = [ 17.000000, 17.000000 ]
SECTION_WIDTH = [ 235.000000, 235.000000 ]
STATIC_GRIP = [ 1.900000, 2.000000 ]
STEERING = 1.050000
YAW_CONTROL = [ 0.250000, 0.350000, 0.650000, 1.000000 ]
YAW_SPEED = 0.300000
DRIFT_ADDITIONAL_YAW_CONTROL = [ 5.500000, 5.000000, 5.000000, 5.000000, 5.000000, 5.000000, 5.000000, 5.000000, 4.500000, 4.000000 ]
DRIFT_YAW_CONTROL = [ 0.000000, 0.200000, 0.450000, 0.550000, 0.750000, 1.000000, 1.500000, 1.500000, 1.500000, 1.500000 ]
STEERING_RANGE = [ 45.000000, 15.000000, 11.000000, 8.000000, 7.000000, 7.000000, 7.000000, 7.000000, 7.000000, 7.000000 ]

[transmission]
CLUTCH_SLIP = 0.800000
DIFFERENTIAL = [ 0.850000, 0.500000, 0.750000 ]
FINAL_GEAR = 4.600000
GEAR_EFFICIENCY = [ 1.000000, 1.000000, 1.000000, 1.000000, 1.000000, 1.000000, 1.000000, 1.000000, 1.000000 ]
GEAR_RATIO = [ 2.500000, 0.000000, 3.200000, 1.800000, 1.275000, 1.000000, 0.800000, 0.670000, 0.000000 ]
OPTIMAL_SHIFT = 500.000000
SHIFT_SPEED = 0.100000
TORQUE_CONVERTER = 0.200000
TORQUE_SPLIT = 0.500000