[pvehicle]
MASS = 1490.000000
TENSOR_SCALE = [ 1.000000, 2.000000, 1.000000, 0.000000 ]

[brakes]
BRAKE_LOCK = [ 1.000000, 3.400000 ]
BRAKES = [ 525.000000, 675.000000 ]
EBRAKE = 950.000000

[chassis]
AERO_CG = 47.000000
AERO_COEFFICIENT = 0.265000
DIVE_SPEED = 1.000000
DRAG_COEFFICIENT = 0.400000
FRONT_AXLE = 1.300000
FRONT_WEIGHT_BIAS = 54.000000
RENDER_MOTION = 1.000000
RIDE_HEIGHT = [ 8.000000, 8.000000 ]
ROLL_CENTER = 9.000000
ROLL_SPEED = 1.000000
SHOCK_BLOWOUT = 8.000000
SHOCK_DIGRESSION = [ 0.400000, 0.400000 ]
SHOCK_EXT_STIFFNESS = [ 70.000000, 80.000000 ]
SHOCK_STIFFNESS = [ 67.000000, 65.000000 ]
SHOCK_VALVING = [ 18.000000, 18.000000 ]
SPRING_PROGRESSION = [ 7.000000, 7.000000 ]
SPRING_STIFFNESS = [ 800.000000, 750.000000 ]
SQUAT_SPEED = 1.000000
SWAYBAR_STIFFNESS = [ 350.000000, 275.000000 ]
TRACK_WIDTH = [ 1.515000, 1.515000 ]
TRAVEL = [ 6.500000, 6.500000 ]
WHEEL_BASE = 2.625000

[engine]
ENGINE_BRAKING = [ 0.700000, 0.800000, 0.900000 ]
FLYWHEEL_MASS = 10.000000
IDLE = 850.000000
MAX_RPM = 8000.000000
RED_LINE = 7000.000000
TORQUE = [ 133.000000, 251.000000, 433.000000, 482.000000, 433.000000, 375.000000, 333.000000, 300.000000, 283.000000 ]

[induction]
HIGH_BOOST = 0.200000
LOW_BOOST = 0.200000
PSI = 14.000000
SPOOL = 0.200000
SPOOL_TIME_DOWN = 0.250000
SPOOL_TIME_UP = 2.000000
VACUUM = -0.050000

[tires]
ASPECT_RATIO = [ 45.000000, 45.000000 ]
DRIFT_COUNTER_STEER_BUILDUP = 1.650000
DRIFT_COUNTER_STEER_REDUCTION = 3.000000
DRIFT_ELLIPSE_RATIO = [ 0.600000, 0.600000, 0.600000, 0.500000, 0.500000, 0.450000, 0.500000, 0.550000, 0.600000, 0.600000 ]
DRIFT_LATERAL_FORCE = 52.500000
DRIFT_MAINTAIN_SPEED_FORCE = 2300.000000
DYNAMIC_GRIP = [ 2.000000, 2.100000 ]
GRIP_SCALE = [ 1.200000, 1.200000 ]
RIM_SIZE = [ 17.000000, 17.000000 ]
SECTION_WIDTH = [ 235.000000, 235.000000 ]
STATIC_GRIP = [ 2.200000, 2.300000 ]
STEERING = 1.100000
YAW_CONTROL = [ 0.250000, 0.450000, 0.550000, 1.000000 ]
YAW_SPEED = 0.300000
DRIFT_ADDITIONAL_YAW_CONTROL = [ 5.500000, 5.000000, 5.000000, 5.000000, 5.000000, 5.000000, 5.000000, 5.000000, 4.500000, 4.000000 ]
DRIFT_YAW_CONTROL = [ 0.000000, 0.200000, 0.400000, 0.550000, 0.750000, 1.000000, 1.500000, 1.500000, 1.500000, 1.500000 ]
STEERING_RANGE = [ 45.000000, 15.000000, 11.000000, 8.000000, 7.000000, 7.000000, 7.000000, 7.000000, 7.000000, 7.000000 ]

[transmission]
CLUTCH_SLIP = 0.800000
DIFFERENTIAL = [ 0.700000, 0.700000, 0.700000 ]
FINAL_GEAR = 4.125000
GEAR_EFFICIENCY = [ 1.000000, 1.000000, 0.900000, 0.970000, 1.000000, 1.000000, 1.000000, 1.000000, 1.000000 ]
GEAR_RATIO = [ 2.500000, 0.000000, 3.200000, 1.800000, 1.275000, 1.000000, 0.800000, 0.670000, 0.000000 ]
OPTIMAL_SHIFT = 500.000000
SHIFT_SPEED = 0.200000
TORQUE_CONVERTER = 0.200000
TORQUE_SPLIT = 0.450000