[pvehicle]
MASS = 1238.000000
TENSOR_SCALE = [ 1.000000, 2.000000, 1.000000, 0.000000 ]

[brakes]
BRAKE_LOCK = [ 1.000000, 3.500000 ]
BRAKES = [ 310.000000, 450.000000 ]
EBRAKE = 700.000000

[chassis]
AERO_CG = 47.000000
AERO_COEFFICIENT = 0.175000
DIVE_SPEED = 1.000000
DRAG_COEFFICIENT = 0.355000
FRONT_AXLE = 1.350000
FRONT_WEIGHT_BIAS = 54.000000
RENDER_MOTION = 1.000000
RIDE_HEIGHT = [ 8.500000, 8.500000 ]
ROLL_CENTER = 12.000000
ROLL_SPEED = 1.000000
SHOCK_BLOWOUT = 6.000000
SHOCK_DIGRESSION = [ 0.400000, 0.400000 ]
SHOCK_EXT_STIFFNESS = [ 40.000000, 45.000000 ]
SHOCK_STIFFNESS = [ 50.000000, 42.000000 ]
SHOCK_VALVING = [ 17.000000, 17.000000 ]
SPRING_PROGRESSION = [ 6.000000, 5.500000 ]
SPRING_STIFFNESS = [ 500.000000, 425.000000 ]
SQUAT_SPEED = 1.000000
SWAYBAR_STIFFNESS = [ 200.000000, 200.000000 ]
TRACK_WIDTH = [ 1.535000, 1.525000 ]
TRAVEL = [ 7.000000, 7.000000 ]
WHEEL_BASE = 2.640000

[engine]
ENGINE_BRAKING = [ 0.700000, 0.800000, 0.900000 ]
FLYWHEEL_MASS = 13.000000
IDLE = 800.000000
MAX_RPM = 7700.000000
RED_LINE = 6700.000000
TORQUE = [ 82.000000, 113.000000, 169.000000, 207.000000, 188.000000, 170.000000, 154.000000, 140.000000, 132.000000 ]

[induction]
HIGH_BOOST = 0.050000
LOW_BOOST = 0.050000
PSI = 12.000000
SPOOL = 0.200000
SPOOL_TIME_DOWN = 0.250000
SPOOL_TIME_UP = 2.700000
VACUUM = -0.050000

[tires]
ASPECT_RATIO = [ 45.000000, 45.000000 ]
DRIFT_COUNTER_STEER_BUILDUP = 1.650000
DRIFT_COUNTER_STEER_REDUCTION = 3.000000
DRIFT_ELLIPSE_RATIO = [ 0.600000, 0.600000, 0.600000, 0.500000, 0.500000, 0.450000, 0.500000, 0.550000, 0.600000, 0.600000 ]
DRIFT_LATERAL_FORCE = 55.000000
DRIFT_MAINTAIN_SPEED_FORCE = 2300.000000
DYNAMIC_GRIP = [ 1.500000, 1.650000 ]
GRIP_SCALE = [ 1.000000, 1.000000 ]
RIM_SIZE = [ 18.000000, 18.000000 ]
SECTION_WIDTH = [ 215.000000, 215.000000 ]
STATIC_GRIP = [ 1.700000, 1.850000 ]
STEERING = 1.050000
YAW_CONTROL = [ 0.300000, 0.650000, 0.750000, 1.000000 ]
YAW_SPEED = 0.385000
DRIFT_ADDITIONAL_YAW_CONTROL = [ 5.500000, 5.000000, 5.000000, 5.000000, 5.000000, 5.000000, 5.000000, 5.000000, 4.500000, 4.000000 ]
DRIFT_YAW_CONTROL = [ 0.150000, 0.250000, 0.500000, 1.000000, 1.000000, 1.250000, 1.500000, 1.500000, 1.500000, 1.500000 ]
STEERING_RANGE = [ 48.410999, 16.136999, 11.833800, 8.606400, 7.530600, 7.530600, 7.530600, 7.530600, 7.530600, 7.530600 ]

[transmission]
CLUTCH_SLIP = 0.750000
DIFFERENTIAL = [ 0.800000, 0.000000, 0.000000 ]
FINAL_GEAR = 4.625000
GEAR_EFFICIENCY = [ 1.000000, 1.000000, 0.850000, 0.850000, 0.850000, 1.000000, 1.000000, 1.000000, 1.000000 ]
GEAR_RATIO = [ 2.800000, 0.000000, 3.800000, 2.170000, 1.535000, 1.171000, 0.922000, 0.725000, 0.000000 ]
OPTIMAL_SHIFT = 500.000000
SHIFT_SPEED = 0.250000
TORQUE_CONVERTER = 0.600000
TORQUE_SPLIT = 1.000000