[pvehicle]
TENSOR_SCALE = [ 1.000000, 2.200000, 1.000000 ]

[brakes]
BRAKE_LOCK = [ 1.000000, 3.250000 ]
BRAKES = [ 525.000000, 650.000000 ]
EBRAKE = 850.000000

[chassis]
AERO_CG = 51.000000
AERO_COEFFICIENT = 0.172500
DRAG_COEFFICIENT = 0.425000
FRONT_WEIGHT_BIAS = 51.000000
RENDER_MOTION = 0.500000
RIDE_HEIGHT = [ 8.000000, 8.000000 ]
ROLL_CENTER = 12.000000
SHOCK_BLOWOUT = 5.000000
SHOCK_DIGRESSION = [ 0.250000, 0.250000 ]
SHOCK_EXT_STIFFNESS = [ 65.000000, 70.000000 ]
SHOCK_STIFFNESS = [ 55.000000, 60.000000 ]
SHOCK_VALVING = [ 17.500000, 17.500000 ]
SPRING_PROGRESSION = [ 7.000000, 7.500000 ]
SPRING_STIFFNESS = [ 585.000000, 652.000000 ]
SWAYBAR_STIFFNESS = [ 300.000000, 350.000000 ]
TRAVEL = [ 7.500000, 7.500000 ]

[tires]
DYNAMIC_GRIP = [ 1.450000, 1.500000 ]
GRIP_SCALE = [ 1.000000, 1.000000 ]
STATIC_GRIP = [ 1.600000, 1.700000 ]
STEERING = 1.000000
YAW_CONTROL = [ 0.100000, 0.125000, 0.150000, 0.175000 ]
YAW_SPEED = 0.300000

[transmission]
DIFFERENTIAL = [ 0.000000, 0.700000, 0.000000 ]
TORQUE_SPLIT = 0.000000