[pvehicle]
MASS = 1693.000000
TENSOR_SCALE = [ 1.000000, 2.200000, 1.000000, 0.000000 ]

[brakes]
BRAKE_LOCK = [ 1.000000, 3.500000 ]
BRAKES = [ 450.000000, 550.000000 ]
EBRAKE = 600.000000

[chassis]
AERO_CG = 50.000000
AERO_COEFFICIENT = 0.155000
DIVE_SPEED = 1.000000
DRAG_COEFFICIENT = 0.350000
FRONT_AXLE = 1.350000
FRONT_WEIGHT_BIAS = 51.000000
RENDER_MOTION = 1.000000
RIDE_HEIGHT = [ 9.000000, 9.000000 ]
ROLL_CENTER = 13.500000
ROLL_SPEED = 1.000000
SHOCK_BLOWOUT = 5.000000
SHOCK_DIGRESSION = [ 0.300000, 0.300000 ]
SHOCK_EXT_STIFFNESS = [ 55.000000, 60.000000 ]
SHOCK_STIFFNESS = [ 45.000000, 50.000000 ]
SHOCK_VALVING = [ 19.000000, 19.000000 ]
SPRING_PROGRESSION = [ 6.000000, 6.000000 ]
SPRING_STIFFNESS = [ 400.000000, 475.000000 ]
SQUAT_SPEED = 1.000000
SWAYBAR_STIFFNESS = [ 225.000000, 265.000000 ]
TRACK_WIDTH = [ 1.559000, 1.577000 ]
TRAVEL = [ 8.000000, 8.000000 ]
WHEEL_BASE = 2.800000

[engine]
ENGINE_BRAKING = [ 0.700000, 0.800000, 0.900000 ]
FLYWHEEL_MASS = 13.500000
IDLE = 800.000000
MAX_RPM = 7200.000000
RED_LINE = 6200.000000
TORQUE = [ 121.000000, 162.000000, 210.000000, 356.000000, 356.000000, 310.000000, 275.000000, 250.000000, 225.000000 ]

[induction]
HIGH_BOOST = 0.100000
LOW_BOOST = 0.100000
PSI = 14.000000
SPOOL = 0.000000
SPOOL_TIME_DOWN = 0.250000
SPOOL_TIME_UP = 2.000000
VACUUM = 0.000000

[tires]
ASPECT_RATIO = [ 45.000000, 45.000000 ]
DRIFT_COUNTER_STEER_BUILDUP = 2.500000
DRIFT_COUNTER_STEER_REDUCTION = 5.000000
DRIFT_ELLIPSE_RATIO = [ 0.600000, 0.600000, 0.600000, 0.600000, 0.500000, 0.500000, 0.500000, 0.600000, 0.600000, 0.600000 ]
DRIFT_LATERAL_FORCE = 62.500000
DRIFT_MAINTAIN_SPEED_FORCE = 1200.000000
DYNAMIC_GRIP = [ 1.300000, 1.300000 ]
GRIP_SCALE = [ 1.000000, 1.000000 ]
RIM_SIZE = [ 18.000000, 18.000000 ]
SECTION_WIDTH = [ 245.000000, 245.000000 ]
STATIC_GRIP = [ 1.600000, 1.570000 ]
STEERING = 1.030000
YAW_CONTROL = [ 0.100000, 0.150000, 0.170000, 0.200000 ]
YAW_SPEED = 0.315000
DRIFT_ADDITIONAL_YAW_CONTROL = [ 4.750000, 4.500000, 4.250000, 4.000000, 4.250000, 4.500000, 4.750000, 4.500000, 4.000000, 3.500000 ]
DRIFT_YAW_CONTROL = [ 0.250000, 0.250000, 0.500000, 0.750000, 0.750000, 1.250000, 1.500000, 1.500000, 1.500000, 1.500000 ]
STEERING_RANGE = [ 48.150002, 16.049999, 11.770000, 8.560000, 7.490000, 7.490000, 7.490000, 7.490000, 7.490000, 7.490000 ]

[transmission]
CLUTCH_SLIP = 0.800000
DIFFERENTIAL = [ 0.000000, 0.800000, 0.000000 ]
FINAL_GEAR = 4.300000
GEAR_EFFICIENCY = [ 1.000000, 1.000000, 1.000000, 1.000000, 1.000000, 1.000000, 1.000000, 1.000000, 1.000000 ]
GEAR_RATIO = [ 3.280000, 0.000000, 3.800000, 2.070000, 1.430000, 1.100000, 0.890000, 0.750000, 0.000000 ]
OPTIMAL_SHIFT = 500.000000
SHIFT_SPEED = 0.250000
TORQUE_CONVERTER = 1.500000
TORQUE_SPLIT = 0.000000