[pvehicle]
TENSOR_SCALE = [ 1.000000, 3.200000, 1.000000 ]

[brakes]
BRAKE_LOCK = [ 1.000000, 3.500000 ]
BRAKES = [ 400.000000, 475.000000 ]
EBRAKE = 550.000000

[chassis]
AERO_CG = 46.500000
AERO_COEFFICIENT = 0.220000
DRAG_COEFFICIENT = 0.385000
FRONT_WEIGHT_BIAS = 54.000000
RENDER_MOTION = 1.000000
RIDE_HEIGHT = [ 8.000000, 8.000000 ]
ROLL_CENTER = 10.000000
SHOCK_BLOWOUT = 5.000000
SHOCK_DIGRESSION = [ 0.300000, 0.300000 ]
SHOCK_EXT_STIFFNESS = [ 52.000000, 60.000000 ]
SHOCK_STIFFNESS = [ 45.000000, 50.000000 ]
SHOCK_VALVING = [ 16.000000, 16.000000 ]
SPRING_PROGRESSION = [ 6.500000, 6.000000 ]
SPRING_STIFFNESS = [ 500.000000, 585.000000 ]
SWAYBAR_STIFFNESS = [ 300.000000, 275.000000 ]
TRAVEL = [ 7.000000, 7.000000 ]

[tires]
DYNAMIC_GRIP = [ 1.500000, 1.650000 ]
GRIP_SCALE = [ 1.050000, 1.065000 ]
STATIC_GRIP = [ 1.700000, 1.850000 ]
STEERING = 1.000000
YAW_CONTROL = [ 0.300000, 0.600000, 0.700000, 0.800000 ]
YAW_SPEED = 0.425000

[transmission]
DIFFERENTIAL = [ 0.000000, 0.750000, 0.000000 ]
TORQUE_SPLIT = 0.000000