[pvehicle]
MASS = 1529.000000
TENSOR_SCALE = [ 1.000000, 3.200000, 1.000000, 0.000000 ]

[brakes]
BRAKE_LOCK = [ 1.000000, 3.500000 ]
BRAKES = [ 400.000000, 475.000000 ]
EBRAKE = 550.000000

[chassis]
AERO_CG = 46.500000
AERO_COEFFICIENT = 0.220000
DIVE_SPEED = 1.000000
DRAG_COEFFICIENT = 0.385000
FRONT_AXLE = 1.380000
FRONT_WEIGHT_BIAS = 54.000000
RENDER_MOTION = 1.000000
RIDE_HEIGHT = [ 8.000000, 8.000000 ]
ROLL_CENTER = 10.000000
ROLL_SPEED = 1.000000
SHOCK_BLOWOUT = 5.000000
SHOCK_DIGRESSION = [ 0.300000, 0.300000 ]
SHOCK_EXT_STIFFNESS = [ 52.000000, 60.000000 ]
SHOCK_STIFFNESS = [ 45.000000, 50.000000 ]
SHOCK_VALVING = [ 16.000000, 16.000000 ]
SPRING_PROGRESSION = [ 6.500000, 6.000000 ]
SPRING_STIFFNESS = [ 500.000000, 585.000000 ]
SQUAT_SPEED = 1.000000
SWAYBAR_STIFFNESS = [ 300.000000, 275.000000 ]
TRACK_WIDTH = [ 1.461000, 1.461000 ]
TRAVEL = [ 7.000000, 7.000000 ]
WHEEL_BASE = 2.426000

[engine]
ENGINE_BRAKING = [ 0.700000, 0.800000, 0.900000 ]
FLYWHEEL_MASS = 14.000000
IDLE = 800.000000
MAX_RPM = 8200.000000
RED_LINE = 7200.000000
TORQUE = [ 101.000000, 132.000000, 198.000000, 239.000000, 239.000000, 210.000000, 182.000000, 161.000000, 144.000000 ]

[induction]
HIGH_BOOST = 0.150000
LOW_BOOST = 0.150000
PSI = 15.000000
SPOOL = 0.200000
SPOOL_TIME_DOWN = 0.250000
SPOOL_TIME_UP = 2.500000
VACUUM = -0.050000

[tires]
ASPECT_RATIO = [ 60.000000, 60.000000 ]
DRIFT_COUNTER_STEER_BUILDUP = 1.650000
DRIFT_COUNTER_STEER_REDUCTION = 3.000000
DRIFT_ELLIPSE_RATIO = [ 0.600000, 0.600000, 0.600000, 0.500000, 0.500000, 0.450000, 0.500000, 0.550000, 0.600000, 0.600000 ]
DRIFT_LATERAL_FORCE = 60.000000
DRIFT_MAINTAIN_SPEED_FORCE = 2300.000000
DYNAMIC_GRIP = [ 1.500000, 1.650000 ]
GRIP_SCALE = [ 1.050000, 1.065000 ]
RIM_SIZE = [ 14.000000, 14.000000 ]
SECTION_WIDTH = [ 205.000000, 205.000000 ]
STATIC_GRIP = [ 1.700000, 1.850000 ]
STEERING = 1.000000
YAW_CONTROL = [ 0.300000, 0.600000, 0.700000, 0.800000 ]
YAW_SPEED = 0.425000
DRIFT_ADDITIONAL_YAW_CONTROL = [ 5.500000, 5.000000, 5.000000, 5.000000, 5.000000, 5.000000, 5.000000, 5.000000, 4.500000, 4.000000 ]
DRIFT_YAW_CONTROL = [ 0.250000, 0.350000, 0.450000, 0.550000, 0.750000, 1.000000, 1.100000, 1.200000, 1.300000, 1.400000 ]
STEERING_RANGE = [ 48.599998, 16.200001, 11.880000, 8.640000, 7.560000, 7.560000, 7.560000, 7.560000, 7.560000, 7.560000 ]

[transmission]
CLUTCH_SLIP = 0.800000
DIFFERENTIAL = [ 0.000000, 0.750000, 0.000000 ]
FINAL_GEAR = 3.750000
GEAR_EFFICIENCY = [ 1.000000, 1.000000, 1.000000, 1.000000, 1.000000, 1.000000, 1.000000, 1.000000, 1.000000 ]
GEAR_RATIO = [ 2.800000, 0.000000, 3.230000, 2.015000, 1.391000, 1.070000, 0.850000, 0.000000, 0.000000 ]
OPTIMAL_SHIFT = 500.000000
SHIFT_SPEED = 0.100000
TORQUE_CONVERTER = 0.600000
TORQUE_SPLIT = 0.000000