[pvehicle]
TENSOR_SCALE = [ 1.000000, 2.000000, 1.000000 ]

[brakes]
BRAKE_LOCK = [ 1.000000, 3.000000 ]
BRAKES = [ 690.000000, 740.000000 ]
EBRAKE = 1000.000000

[chassis]
AERO_CG = 45.000000
AERO_COEFFICIENT = 0.285000
DRAG_COEFFICIENT = 0.370000
FRONT_WEIGHT_BIAS = 53.500000
RENDER_MOTION = 0.500000
RIDE_HEIGHT = [ 6.000000, 6.000000 ]
ROLL_CENTER = 9.000000
SHOCK_BLOWOUT = 6.000000
SHOCK_DIGRESSION = [ 0.300000, 0.300000 ]
SHOCK_EXT_STIFFNESS = [ 90.000000, 90.000000 ]
SHOCK_STIFFNESS = [ 70.000000, 65.000000 ]
SHOCK_VALVING = [ 24.000000, 24.000000 ]
SPRING_PROGRESSION = [ 7.000000, 7.750000 ]
SPRING_STIFFNESS = [ 750.000000, 900.000000 ]
SWAYBAR_STIFFNESS = [ 450.000000, 475.000000 ]
TRAVEL = [ 6.000000, 6.000000 ]

[tires]
DYNAMIC_GRIP = [ 2.000000, 2.000000 ]
GRIP_SCALE = [ 1.050000, 1.100000 ]
STATIC_GRIP = [ 2.350000, 2.350000 ]
STEERING = 0.900000
YAW_CONTROL = [ 0.100000, 0.500000, 0.650000, 0.750000 ]
YAW_SPEED = 0.300000

[transmission]
DIFFERENTIAL = [ 0.800000, 0.800000, 0.800000 ]
TORQUE_SPLIT = 0.500000