[pvehicle]
TENSOR_SCALE = [ 1.000000, 2.000000, 1.000000 ]

[brakes]
BRAKE_LOCK = [ 1.000000, 3.200000 ]
BRAKES = [ 400.000000, 650.000000 ]
EBRAKE = 900.000000

[chassis]
AERO_CG = 46.000000
AERO_COEFFICIENT = 0.270000
DRAG_COEFFICIENT = 0.400000
FRONT_WEIGHT_BIAS = 53.000000
RENDER_MOTION = 1.000000
RIDE_HEIGHT = [ 6.000000, 6.000000 ]
ROLL_CENTER = 9.500000
SHOCK_BLOWOUT = 6.000000
SHOCK_DIGRESSION = [ 0.250000, 0.250000 ]
SHOCK_EXT_STIFFNESS = [ 70.000000, 75.000000 ]
SHOCK_STIFFNESS = [ 65.000000, 50.000000 ]
SHOCK_VALVING = [ 18.000000, 18.000000 ]
SPRING_PROGRESSION = [ 7.750000, 8.000000 ]
SPRING_STIFFNESS = [ 600.000000, 650.000000 ]
SWAYBAR_STIFFNESS = [ 300.000000, 350.000000 ]
TRAVEL = [ 6.000000, 6.000000 ]

[engine]

[tires]
DYNAMIC_GRIP = [ 1.850000, 1.950000 ]
GRIP_SCALE = [ 1.040000, 1.100000 ]
STATIC_GRIP = [ 2.100000, 2.200000 ]
STEERING = 0.850000
YAW_CONTROL = [ 0.100000, 0.500000, 0.800000, 1.000000 ]
YAW_SPEED = 0.300000

[transmission]
DIFFERENTIAL = [ 0.750000, 0.750000, 0.750000 ]
TORQUE_SPLIT = 0.500000