[pvehicle]
TENSOR_SCALE = [ 1.000000, 3.500000, 1.000000 ]

[brakes]
BRAKE_LOCK = [ 1.000000, 3.300000 ]
BRAKES = [ 500.000000, 675.000000 ]
EBRAKE = 850.000000

[chassis]
AERO_CG = 51.000000
AERO_COEFFICIENT = 0.200000
DRAG_COEFFICIENT = 0.400000
FRONT_WEIGHT_BIAS = 51.000000
RENDER_MOTION = 0.500000
RIDE_HEIGHT = [ 6.000000, 6.000000 ]
ROLL_CENTER = 10.500000
SHOCK_BLOWOUT = 6.000000
SHOCK_DIGRESSION = [ 0.250000, 0.250000 ]
SHOCK_EXT_STIFFNESS = [ 70.000000, 72.559998 ]
SHOCK_STIFFNESS = [ 60.000000, 65.000000 ]
SHOCK_VALVING = [ 22.000000, 22.000000 ]
SPRING_PROGRESSION = [ 7.000000, 7.500000 ]
SPRING_STIFFNESS = [ 675.000000, 715.000000 ]
SWAYBAR_STIFFNESS = [ 250.000000, 335.000000 ]
TRAVEL = [ 7.000000, 7.000000 ]

[tires]
DYNAMIC_GRIP = [ 1.600000, 1.700000 ]
GRIP_SCALE = [ 1.000000, 1.000000 ]
STATIC_GRIP = [ 1.800000, 2.100000 ]
STEERING = 1.100000
YAW_CONTROL = [ 0.000000, 0.100000, 0.200000, 0.450000 ]
YAW_SPEED = 0.385000

[transmission]
DIFFERENTIAL = [ 0.000000, 0.650000, 0.000000 ]
TORQUE_SPLIT = 0.000000