[pvehicle]
TENSOR_SCALE = [ 1.000000, 3.500000, 1.000000 ]

[brakes]
BRAKE_LOCK = [ 1.000000, 3.500000 ]
BRAKES = [ 360.000000, 600.000000 ]
EBRAKE = 650.000000

[chassis]
AERO_CG = 51.000000
AERO_COEFFICIENT = 0.160000
DRAG_COEFFICIENT = 0.330000
FRONT_WEIGHT_BIAS = 53.000000
RENDER_MOTION = 1.000000
RIDE_HEIGHT = [ 9.000000, 9.000000 ]
ROLL_CENTER = 11.500000
SHOCK_BLOWOUT = 6.000000
SHOCK_DIGRESSION = [ 0.350000, 0.350000 ]
SHOCK_EXT_STIFFNESS = [ 60.000000, 60.000000 ]
SHOCK_STIFFNESS = [ 40.000000, 45.000000 ]
SHOCK_VALVING = [ 18.000000, 18.000000 ]
SPRING_PROGRESSION = [ 5.000000, 6.200000 ]
SPRING_STIFFNESS = [ 450.000000, 525.000000 ]
SWAYBAR_STIFFNESS = [ 185.000000, 200.000000 ]
TRAVEL = [ 7.500000, 7.500000 ]

[engine]

[tires]
DYNAMIC_GRIP = [ 1.450000, 1.450000 ]
GRIP_SCALE = [ 1.000000, 1.000000 ]
STATIC_GRIP = [ 1.600000, 1.600000 ]
STEERING = 1.100000
YAW_CONTROL = [ 0.050000, 0.070000, 0.125000, 0.200000 ]
YAW_SPEED = 0.425000

[transmission]
DIFFERENTIAL = [ 0.000000, 0.500000, 0.000000 ]
TORQUE_SPLIT = 0.000000