[pvehicle]
MASS = 1568.000000
TENSOR_SCALE = [ 1.000000, 3.500000, 1.000000, 0.000000 ]

[brakes]
BRAKE_LOCK = [ 1.000000, 3.300000 ]
BRAKES = [ 500.000000, 675.000000 ]
EBRAKE = 850.000000

[chassis]
AERO_CG = 51.000000
AERO_COEFFICIENT = 0.200000
DIVE_SPEED = 1.000000
DRAG_COEFFICIENT = 0.400000
FRONT_AXLE = 1.425000
FRONT_WEIGHT_BIAS = 51.000000
RENDER_MOTION = 0.500000
RIDE_HEIGHT = [ 6.000000, 6.000000 ]
ROLL_CENTER = 10.500000
ROLL_SPEED = 1.000000
SHOCK_BLOWOUT = 6.000000
SHOCK_DIGRESSION = [ 0.250000, 0.250000 ]
SHOCK_EXT_STIFFNESS = [ 70.000000, 72.559998 ]
SHOCK_STIFFNESS = [ 60.000000, 65.000000 ]
SHOCK_VALVING = [ 22.000000, 22.000000 ]
SPRING_PROGRESSION = [ 7.000000, 7.500000 ]
SPRING_STIFFNESS = [ 675.000000, 715.000000 ]
SQUAT_SPEED = 1.000000
SWAYBAR_STIFFNESS = [ 250.000000, 335.000000 ]
TRACK_WIDTH = [ 1.580000, 1.587500 ]
TRAVEL = [ 7.000000, 7.000000 ]
WHEEL_BASE = 2.710000

[engine]
ENGINE_BRAKING = [ 0.700000, 0.800000, 0.900000 ]
FLYWHEEL_MASS = 9.500000
IDLE = 800.000000
MAX_RPM = 7250.000000
RED_LINE = 6250.000000
TORQUE = [ 127.000000, 193.000000, 333.000000, 448.000000, 441.000000, 392.000000, 357.000000, 333.000000, 315.000000 ]

[induction]
HIGH_BOOST = 0.100000
LOW_BOOST = 0.200000
PSI = 15.000000
SPOOL = 0.000000
SPOOL_TIME_DOWN = 0.250000
SPOOL_TIME_UP = 1.000000
VACUUM = 0.000000

[tires]
ASPECT_RATIO = [ 55.000000, 55.000000 ]
DRIFT_COUNTER_STEER_BUILDUP = 1.900000
DRIFT_COUNTER_STEER_REDUCTION = 5.500000
DRIFT_ELLIPSE_RATIO = [ 0.600000, 0.600000, 0.600000, 0.600000, 0.500000, 0.500000, 0.500000, 0.600000, 0.600000, 0.600000 ]
DRIFT_LATERAL_FORCE = 62.500000
DRIFT_MAINTAIN_SPEED_FORCE = 1200.000000
DYNAMIC_GRIP = [ 1.600000, 1.700000 ]
GRIP_SCALE = [ 1.000000, 1.000000 ]
RIM_SIZE = [ 17.000000, 17.000000 ]
SECTION_WIDTH = [ 235.000000, 235.000000 ]
STATIC_GRIP = [ 1.800000, 2.100000 ]
STEERING = 1.100000
YAW_CONTROL = [ 0.000000, 0.100000, 0.200000, 0.450000 ]
YAW_SPEED = 0.385000
DRIFT_ADDITIONAL_YAW_CONTROL = [ 4.750000, 4.500000, 4.250000, 4.000000, 4.250000, 4.500000, 4.750000, 4.500000, 4.000000, 3.500000 ]
DRIFT_YAW_CONTROL = [ 0.250000, 0.250000, 0.450000, 0.450000, 0.600000, 0.600000, 1.000000, 1.000000, 1.000000, 1.000000 ]
STEERING_RANGE = [ 48.375000, 16.125000, 11.825000, 8.600000, 7.525000, 7.525000, 7.525000, 7.525000, 7.525000, 7.525000 ]

[transmission]
CLUTCH_SLIP = 0.700000
DIFFERENTIAL = [ 0.000000, 0.650000, 0.000000 ]
FINAL_GEAR = 3.900000
GEAR_EFFICIENCY = [ 1.000000, 1.000000, 1.000000, 1.000000, 1.000000, 1.000000, 1.000000, 1.000000, 1.000000 ]
GEAR_RATIO = [ 3.390000, 0.000000, 3.400000, 1.800000, 1.250000, 1.000000, 0.800000, 0.700000, 0.000000 ]
OPTIMAL_SHIFT = 500.000000
SHIFT_SPEED = 0.250000
TORQUE_CONVERTER = 0.600000
TORQUE_SPLIT = 0.000000