[pvehicle]
TENSOR_SCALE = [ 1.000000, 2.000000, 1.000000 ]

[brakes]
BRAKE_LOCK = [ 1.000000, 3.500000 ]
BRAKES = [ 400.000000, 525.000000 ]
EBRAKE = 650.000000

[chassis]
AERO_CG = 50.000000
AERO_COEFFICIENT = 0.160000
DRAG_COEFFICIENT = 0.450000
FRONT_WEIGHT_BIAS = 50.000000
RENDER_MOTION = 1.000000
RIDE_HEIGHT = [ 9.000000, 9.000000 ]
ROLL_CENTER = 13.000000
SHOCK_BLOWOUT = 7.000000
SHOCK_DIGRESSION = [ 0.450000, 0.450000 ]
SHOCK_EXT_STIFFNESS = [ 53.000000, 60.000000 ]
SHOCK_STIFFNESS = [ 47.000000, 47.000000 ]
SHOCK_VALVING = [ 12.000000, 12.000000 ]
SPRING_PROGRESSION = [ 6.000000, 7.500000 ]
SPRING_STIFFNESS = [ 575.000000, 475.000000 ]
SWAYBAR_STIFFNESS = [ 200.000000, 200.000000 ]
TRAVEL = [ 8.000000, 8.000000 ]

[tires]
DYNAMIC_GRIP = [ 1.500000, 1.550000 ]
GRIP_SCALE = [ 1.000000, 1.000000 ]
STATIC_GRIP = [ 1.700000, 1.750000 ]
STEERING = 0.950000
YAW_CONTROL = [ 0.100000, 0.150000, 0.200000, 0.250000 ]
YAW_SPEED = 0.300000

[transmission]
DIFFERENTIAL = [ 0.000000, 0.500000, 0.000000 ]
TORQUE_SPLIT = 0.000000