[pvehicle]
MASS = 1597.000000
TENSOR_SCALE = [ 1.000000, 2.000000, 1.000000, 0.000000 ]

[brakes]
BRAKE_LOCK = [ 1.000000, 3.500000 ]
BRAKES = [ 400.000000, 525.000000 ]
EBRAKE = 650.000000

[chassis]
AERO_CG = 50.000000
AERO_COEFFICIENT = 0.160000
DIVE_SPEED = 1.000000
DRAG_COEFFICIENT = 0.450000
FRONT_AXLE = 1.400000
FRONT_WEIGHT_BIAS = 50.000000
RENDER_MOTION = 1.000000
RIDE_HEIGHT = [ 9.000000, 9.000000 ]
ROLL_CENTER = 13.000000
ROLL_SPEED = 1.000000
SHOCK_BLOWOUT = 7.000000
SHOCK_DIGRESSION = [ 0.450000, 0.450000 ]
SHOCK_EXT_STIFFNESS = [ 53.000000, 60.000000 ]
SHOCK_STIFFNESS = [ 47.000000, 47.000000 ]
SHOCK_VALVING = [ 12.000000, 12.000000 ]
SPRING_PROGRESSION = [ 6.000000, 7.500000 ]
SPRING_STIFFNESS = [ 575.000000, 475.000000 ]
SQUAT_SPEED = 1.000000
SWAYBAR_STIFFNESS = [ 200.000000, 200.000000 ]
TRACK_WIDTH = [ 1.486000, 1.486000 ]
TRAVEL = [ 8.000000, 8.000000 ]
WHEEL_BASE = 2.743000

[engine]
ENGINE_BRAKING = [ 0.750000, 0.820000, 0.900000 ]
FLYWHEEL_MASS = 11.000000
IDLE = 800.000000
MAX_RPM = 6500.000000
RED_LINE = 5500.000000
TORQUE = [ 220.000000, 290.000000, 469.000000, 685.000000, 685.000000, 607.000000, 524.000000, 462.000000, 414.000000 ]

[induction]
HIGH_BOOST = 0.050000
LOW_BOOST = 0.050000
PSI = 13.000000
SPOOL = 0.000000
SPOOL_TIME_DOWN = 0.000000
SPOOL_TIME_UP = 0.000000
VACUUM = 0.000000

[tires]
ASPECT_RATIO = [ 60.000000, 60.000000 ]
DRIFT_COUNTER_STEER_BUILDUP = 1.900000
DRIFT_COUNTER_STEER_REDUCTION = 5.500000
DRIFT_ELLIPSE_RATIO = [ 0.600000, 0.600000, 0.600000, 0.600000, 0.500000, 0.500000, 0.500000, 0.600000, 0.600000, 0.600000 ]
DRIFT_LATERAL_FORCE = 62.500000
DRIFT_MAINTAIN_SPEED_FORCE = 1200.000000
DYNAMIC_GRIP = [ 1.500000, 1.550000 ]
GRIP_SCALE = [ 1.000000, 1.000000 ]
RIM_SIZE = [ 15.000000, 15.000000 ]
SECTION_WIDTH = [ 245.000000, 245.000000 ]
STATIC_GRIP = [ 1.700000, 1.750000 ]
STEERING = 0.950000
YAW_CONTROL = [ 0.100000, 0.150000, 0.200000, 0.250000 ]
YAW_SPEED = 0.300000
DRIFT_ADDITIONAL_YAW_CONTROL = [ 4.750000, 4.500000, 4.250000, 4.000000, 4.250000, 4.500000, 4.750000, 4.500000, 4.000000, 3.500000 ]
DRIFT_YAW_CONTROL = [ 0.300000, 0.350000, 0.500000, 0.600000, 0.750000, 1.000000, 1.000000, 1.000000, 1.000000, 1.000000 ]
STEERING_RANGE = [ 48.599998, 16.200001, 11.880000, 8.640000, 7.560000, 7.560000, 7.560000, 7.560000, 7.560000, 7.560000 ]

[transmission]
CLUTCH_SLIP = 0.700000
DIFFERENTIAL = [ 0.000000, 0.500000, 0.000000 ]
FINAL_GEAR = 3.400000
GEAR_EFFICIENCY = [ 1.000000, 1.000000, 1.000000, 1.000000, 1.000000, 1.000000, 1.000000, 1.000000, 1.000000 ]
GEAR_RATIO = [ 2.600000, 0.000000, 2.400000, 1.310000, 1.000000, 0.800000, 0.700000, 0.000000, 0.000000 ]
OPTIMAL_SHIFT = 500.000000
SHIFT_SPEED = 0.250000
TORQUE_CONVERTER = 0.300000
TORQUE_SPLIT = 0.000000