[pvehicle]
TENSOR_SCALE = [ 1.400000, 2.000000, 1.400000 ]

[brakes]
BRAKE_LOCK = [ 1.000000, 3.400000 ]
BRAKES = [ 900.000000, 950.000000 ]
EBRAKE = 850.000000

[chassis]
AERO_CG = 50.000000
AERO_COEFFICIENT = 0.200000
DRAG_COEFFICIENT = 0.350000
FRONT_WEIGHT_BIAS = 50.000000
RENDER_MOTION = 1.000000
RIDE_HEIGHT = [ 10.000000, 10.000000 ]
ROLL_CENTER = 15.000000
SHOCK_BLOWOUT = 6.000000
SHOCK_DIGRESSION = [ 0.600000, 0.600000 ]
SHOCK_EXT_STIFFNESS = [ 80.000000, 80.000000 ]
SHOCK_STIFFNESS = [ 80.000000, 80.000000 ]
SHOCK_VALVING = [ 15.000000, 15.000000 ]
SPRING_PROGRESSION = [ 6.000000, 9.000000 ]
SPRING_STIFFNESS = [ 750.000000, 1000.000000 ]
SWAYBAR_STIFFNESS = [ 200.000000, 275.000000 ]
TRAVEL = [ 9.000000, 9.000000 ]

[engine]

[tires]
DYNAMIC_GRIP = [ 1.400000, 1.400000 ]
GRIP_SCALE = [ 1.000000, 1.000000 ]
STATIC_GRIP = [ 1.600000, 1.600000 ]
STEERING = 0.900000
YAW_CONTROL = [ 0.100000, 0.150000, 0.250000, 0.300000 ]
YAW_SPEED = 0.200000

[transmission]
DIFFERENTIAL = [ 0.000000, 0.450000, 0.000000 ]
TORQUE_SPLIT = 0.000000