[pvehicle]
TENSOR_SCALE = [ 1.400000, 2.000000, 1.400000 ]

[brakes]
BRAKE_LOCK = [ 1.000000, 3.350000 ]
BRAKES = [ 500.000000, 700.000000 ]
EBRAKE = 1000.000000

[chassis]
AERO_CG = 54.000000
AERO_COEFFICIENT = 0.150000
DRAG_COEFFICIENT = 0.350000
FRONT_WEIGHT_BIAS = 50.000000
RENDER_MOTION = 1.000000
RIDE_HEIGHT = [ 8.850000, 8.850000 ]
ROLL_CENTER = 20.000000
SHOCK_BLOWOUT = 10.000000
SHOCK_DIGRESSION = [ 0.700000, 0.700000 ]
SHOCK_EXT_STIFFNESS = [ 80.000000, 80.000000 ]
SHOCK_STIFFNESS = [ 70.000000, 70.000000 ]
SHOCK_VALVING = [ 18.000000, 18.000000 ]
SPRING_PROGRESSION = [ 7.500000, 8.000000 ]
SPRING_STIFFNESS = [ 900.000000, 1220.000000 ]
SWAYBAR_STIFFNESS = [ 400.000000, 500.000000 ]
TRAVEL = [ 8.000000, 8.000000 ]

[engine]

[tires]
DYNAMIC_GRIP = [ 1.500000, 1.500000 ]
GRIP_SCALE = [ 1.000000, 0.970000 ]
STATIC_GRIP = [ 1.800000, 1.800000 ]
STEERING = 1.200000
YAW_CONTROL = [ 0.050000, 0.100000, 0.200000, 0.300000 ]
YAW_SPEED = 0.200000

[transmission]
DIFFERENTIAL = [ 0.000000, 0.800000, 0.000000 ]
TORQUE_SPLIT = 0.000000