[pvehicle]
MASS = 1300.000000
TENSOR_SCALE = [ 1.000000, 2.000000, 1.000000, 0.000000 ]