[pvehicle]
MASS = 1280.000000
TENSOR_SCALE = [ 1.000000, 3.500000, 1.000000, 0.000000 ]