[pvehicle]
TENSOR_SCALE = [ 1.000000, 2.000000, 1.000000 ]

[brakes]
BRAKE_LOCK = [ 1.000000, 3.200000 ]
BRAKES = [ 300.000000, 550.000000 ]
EBRAKE = 550.000000

[chassis]
AERO_CG = 49.000000
AERO_COEFFICIENT = 0.200000
DRAG_COEFFICIENT = 0.300000
FRONT_WEIGHT_BIAS = 51.000000
RENDER_MOTION = 1.000000
RIDE_HEIGHT = [ 7.000000, 7.000000 ]
ROLL_CENTER = 12.000000
SHOCK_BLOWOUT = 7.000000
SHOCK_DIGRESSION = [ 0.650000, 0.650000 ]
SHOCK_EXT_STIFFNESS = [ 60.000000, 65.000000 ]
SHOCK_STIFFNESS = [ 50.000000, 55.000000 ]
SHOCK_VALVING = [ 12.000000, 12.000000 ]
SPRING_PROGRESSION = [ 6.000000, 7.000000 ]
SPRING_STIFFNESS = [ 300.000000, 450.000000 ]
SWAYBAR_STIFFNESS = [ 275.000000, 300.000000 ]
TRAVEL = [ 6.900000, 6.900000 ]

[tires]
DYNAMIC_GRIP = [ 1.275000, 1.275000 ]
GRIP_SCALE = [ 1.000000, 1.000000 ]
STATIC_GRIP = [ 1.500000, 1.500000 ]
STEERING = 1.050000
YAW_CONTROL = [ 0.100000, 0.200000, 0.300000, 0.350000 ]
YAW_SPEED = 0.300000

[transmission]
DIFFERENTIAL = [ 0.000000, 0.450000, 0.000000 ]
TORQUE_SPLIT = 0.000000