[pvehicle]
TENSOR_SCALE = [ 1.000000, 3.500000, 1.000000 ]

[brakes]
BRAKE_LOCK = [ 1.000000, 3.500000 ]
BRAKES = [ 400.000000, 475.000000 ]
EBRAKE = 550.000000

[chassis]
AERO_CG = 47.000000
AERO_COEFFICIENT = 0.210000
DRAG_COEFFICIENT = 0.300000
FRONT_WEIGHT_BIAS = 54.000000
RENDER_MOTION = 1.000000
RIDE_HEIGHT = [ 8.000000, 8.000000 ]
ROLL_CENTER = 9.000000
SHOCK_BLOWOUT = 5.000000
SHOCK_DIGRESSION = [ 0.300000, 0.300000 ]
SHOCK_EXT_STIFFNESS = [ 52.000000, 60.000000 ]
SHOCK_STIFFNESS = [ 50.000000, 50.000000 ]
SHOCK_VALVING = [ 18.000000, 18.000000 ]
SPRING_PROGRESSION = [ 6.500000, 6.000000 ]
SPRING_STIFFNESS = [ 550.000000, 500.000000 ]
SWAYBAR_STIFFNESS = [ 300.000000, 200.000000 ]
TRAVEL = [ 7.000000, 7.000000 ]

[tires]
DYNAMIC_GRIP = [ 1.500000, 1.600000 ]
GRIP_SCALE = [ 1.050000, 1.050000 ]
STATIC_GRIP = [ 1.700000, 1.800000 ]
STEERING = 1.050000
YAW_CONTROL = [ 0.300000, 0.600000, 0.700000, 0.800000 ]
YAW_SPEED = 0.410000

[transmission]
DIFFERENTIAL = [ 0.000000, 0.750000, 0.000000 ]
TORQUE_SPLIT = 0.000000