[pvehicle]
TENSOR_SCALE = [ 1.000000, 3.500000, 1.000000 ]

[brakes]
BRAKE_LOCK = [ 1.000000, 3.500000 ]
BRAKES = [ 450.000000, 600.000000 ]
EBRAKE = 800.000000

[chassis]
AERO_CG = 47.500000
AERO_COEFFICIENT = 0.240000
DRAG_COEFFICIENT = 0.380000
FRONT_WEIGHT_BIAS = 53.799999
RENDER_MOTION = 0.500000
RIDE_HEIGHT = [ 8.000000, 8.000000 ]
ROLL_CENTER = 8.800000
SHOCK_BLOWOUT = 5.000000
SHOCK_DIGRESSION = [ 0.300000, 0.300000 ]
SHOCK_EXT_STIFFNESS = [ 65.000000, 80.000000 ]
SHOCK_STIFFNESS = [ 65.000000, 70.000000 ]
SHOCK_VALVING = [ 20.000000, 20.000000 ]
SPRING_PROGRESSION = [ 7.500000, 6.750000 ]
SPRING_STIFFNESS = [ 750.000000, 650.000000 ]
SWAYBAR_STIFFNESS = [ 325.000000, 300.000000 ]
TRAVEL = [ 7.000000, 7.000000 ]

[tires]
DYNAMIC_GRIP = [ 1.700000, 1.900000 ]
GRIP_SCALE = [ 1.000000, 1.000000 ]
STATIC_GRIP = [ 1.900000, 2.200000 ]
STEERING = 1.000000
YAW_CONTROL = [ 0.100000, 0.600000, 0.800000, 1.000000 ]
YAW_SPEED = 0.450000

[transmission]
DIFFERENTIAL = [ 0.000000, 0.700000, 0.000000 ]
TORQUE_SPLIT = 0.000000