[pvehicle]
MASS = 1280.000000
TENSOR_SCALE = [ 1.000000, 3.500000, 1.000000, 0.000000 ]

[brakes]
BRAKE_LOCK = [ 1.000000, 3.500000 ]
BRAKES = [ 450.000000, 600.000000 ]
EBRAKE = 800.000000

[chassis]
AERO_CG = 47.500000
AERO_COEFFICIENT = 0.240000
DIVE_SPEED = 1.000000
DRAG_COEFFICIENT = 0.380000
FRONT_AXLE = 1.380000
FRONT_WEIGHT_BIAS = 53.799999
RENDER_MOTION = 0.500000
RIDE_HEIGHT = [ 8.000000, 8.000000 ]
ROLL_CENTER = 8.800000
ROLL_SPEED = 1.000000
SHOCK_BLOWOUT = 5.000000
SHOCK_DIGRESSION = [ 0.300000, 0.300000 ]
SHOCK_EXT_STIFFNESS = [ 65.000000, 80.000000 ]
SHOCK_STIFFNESS = [ 65.000000, 70.000000 ]
SHOCK_VALVING = [ 20.000000, 20.000000 ]
SPRING_PROGRESSION = [ 7.500000, 6.750000 ]
SPRING_STIFFNESS = [ 750.000000, 650.000000 ]
SQUAT_SPEED = 1.000000
SWAYBAR_STIFFNESS = [ 325.000000, 300.000000 ]
TRACK_WIDTH = [ 1.461000, 1.461000 ]
TRAVEL = [ 7.000000, 7.000000 ]
WHEEL_BASE = 2.426000

[engine]
ENGINE_BRAKING = [ 0.700000, 0.800000, 0.900000 ]
FLYWHEEL_MASS = 14.500000
IDLE = 800.000000
MAX_RPM = 9000.000000
RED_LINE = 8000.000000
TORQUE = [ 103.000000, 143.000000, 199.000000, 267.000000, 267.000000, 233.000000, 199.000000, 178.000000, 161.000000 ]

[induction]
HIGH_BOOST = 0.100000
LOW_BOOST = 0.150000
PSI = 15.000000
SPOOL = 0.200000
SPOOL_TIME_DOWN = 0.250000
SPOOL_TIME_UP = 2.500000
VACUUM = -0.050000

[tires]
ASPECT_RATIO = [ 50.000000, 50.000000 ]
DRIFT_COUNTER_STEER_BUILDUP = 1.650000
DRIFT_COUNTER_STEER_REDUCTION = 3.000000
DRIFT_ELLIPSE_RATIO = [ 0.600000, 0.600000, 0.600000, 0.500000, 0.500000, 0.450000, 0.500000, 0.550000, 0.600000, 0.600000 ]
DRIFT_LATERAL_FORCE = 60.000000
DRIFT_MAINTAIN_SPEED_FORCE = 2300.000000
DYNAMIC_GRIP = [ 1.700000, 1.900000 ]
GRIP_SCALE = [ 1.000000, 1.000000 ]
RIM_SIZE = [ 16.000000, 16.000000 ]
SECTION_WIDTH = [ 225.000000, 225.000000 ]
STATIC_GRIP = [ 1.900000, 2.200000 ]
STEERING = 1.000000
YAW_CONTROL = [ 0.100000, 0.600000, 0.800000, 1.000000 ]
YAW_SPEED = 0.450000
DRIFT_ADDITIONAL_YAW_CONTROL = [ 5.500000, 5.000000, 5.000000, 5.000000, 5.000000, 5.000000, 5.000000, 5.000000, 4.500000, 4.000000 ]
DRIFT_YAW_CONTROL = [ 0.250000, 0.250000, 0.500000, 1.000000, 1.000000, 1.250000, 1.500000, 1.500000, 1.500000, 1.500000 ]
STEERING_RANGE = [ 45.000000, 15.000000, 11.000000, 8.000000, 7.000000, 7.000000, 7.000000, 7.000000, 7.000000, 7.000000 ]

[transmission]
CLUTCH_SLIP = 0.800000
DIFFERENTIAL = [ 0.000000, 0.700000, 0.000000 ]
FINAL_GEAR = 4.400000
GEAR_EFFICIENCY = [ 1.000000, 1.000000, 1.000000, 1.000000, 1.000000, 1.000000, 1.000000, 1.000000, 1.000000 ]
GEAR_RATIO = [ 2.800000, 0.000000, 3.483000, 2.015000, 1.391000, 1.120000, 0.930000, 0.770000, 0.000000 ]
OPTIMAL_SHIFT = 500.000000
SHIFT_SPEED = 0.100000
TORQUE_CONVERTER = 0.700000
TORQUE_SPLIT = 0.000000