[pvehicle]
TENSOR_SCALE = [ 1.050000, 3.600000, 1.050000 ]

[brakes]
BRAKE_LOCK = [ 1.000000, 3.000000 ]
BRAKES = [ 380.000000, 500.000000 ]
EBRAKE = 550.000000

[chassis]
AERO_CG = 47.500000
AERO_COEFFICIENT = 0.195000
DRAG_COEFFICIENT = 0.350000
FRONT_WEIGHT_BIAS = 53.000000
RENDER_MOTION = 1.000000
RIDE_HEIGHT = [ 6.500000, 6.500000 ]
ROLL_CENTER = 9.000000
SHOCK_BLOWOUT = 6.000000
SHOCK_DIGRESSION = [ 0.400000, 0.400000 ]
SHOCK_EXT_STIFFNESS = [ 60.000000, 60.000000 ]
SHOCK_STIFFNESS = [ 50.000000, 49.000000 ]
SHOCK_VALVING = [ 24.000000, 24.000000 ]
SPRING_PROGRESSION = [ 6.100000, 6.200000 ]
SPRING_STIFFNESS = [ 432.000000, 375.000000 ]
SWAYBAR_STIFFNESS = [ 225.000000, 210.000000 ]
TRAVEL = [ 6.500000, 6.500000 ]

[engine]

[tires]
DYNAMIC_GRIP = [ 1.700000, 1.700000 ]
GRIP_SCALE = [ 1.020000, 1.020000 ]
STATIC_GRIP = [ 1.900000, 1.900000 ]
STEERING = 1.050000
YAW_CONTROL = [ 0.340000, 0.550000, 0.700000, 1.000000 ]
YAW_SPEED = 0.725000

[transmission]
DIFFERENTIAL = [ 0.800000, 0.800000, 0.000000 ]
TORQUE_SPLIT = 0.000000