[pvehicle]
MASS = 1631.000000
TENSOR_SCALE = [ 1.050000, 3.600000, 1.050000, 0.000000 ]

[brakes]
BRAKE_LOCK = [ 1.000000, 3.000000 ]
BRAKES = [ 380.000000, 500.000000 ]
EBRAKE = 550.000000

[chassis]
AERO_CG = 47.500000
AERO_COEFFICIENT = 0.195000
DIVE_SPEED = 1.000000
DRAG_COEFFICIENT = 0.350000
FRONT_AXLE = 1.380000
FRONT_WEIGHT_BIAS = 53.000000
RENDER_MOTION = 1.000000
RIDE_HEIGHT = [ 6.500000, 6.500000 ]
ROLL_CENTER = 9.000000
ROLL_SPEED = 1.000000
SHOCK_BLOWOUT = 6.000000
SHOCK_DIGRESSION = [ 0.400000, 0.400000 ]
SHOCK_EXT_STIFFNESS = [ 60.000000, 60.000000 ]
SHOCK_STIFFNESS = [ 50.000000, 49.000000 ]
SHOCK_VALVING = [ 24.000000, 24.000000 ]
SPRING_PROGRESSION = [ 6.100000, 6.200000 ]
SPRING_STIFFNESS = [ 432.000000, 375.000000 ]
SQUAT_SPEED = 1.000000
SWAYBAR_STIFFNESS = [ 225.000000, 210.000000 ]
TRACK_WIDTH = [ 1.496060, 1.506220 ]
TRAVEL = [ 6.500000, 6.500000 ]
WHEEL_BASE = 2.690000

[engine]
ENGINE_BRAKING = [ 0.700000, 0.800000, 0.900000 ]
FLYWHEEL_MASS = 10.000000
IDLE = 800.000000
MAX_RPM = 10000.000000
RED_LINE = 9000.000000
TORQUE = [ 74.000000, 97.000000, 129.000000, 161.000000, 168.000000, 154.000000, 137.000000, 120.000000, 109.000000 ]

[tires]
ASPECT_RATIO = [ 45.000000, 45.000000 ]
DRIFT_COUNTER_STEER_BUILDUP = 1.650000
DRIFT_COUNTER_STEER_REDUCTION = 3.000000
DRIFT_ELLIPSE_RATIO = [ 0.600000, 0.600000, 0.600000, 0.500000, 0.500000, 0.450000, 0.500000, 0.550000, 0.600000, 0.600000 ]
DRIFT_LATERAL_FORCE = 60.000000
DRIFT_MAINTAIN_SPEED_FORCE = 2300.000000
DYNAMIC_GRIP = [ 1.700000, 1.700000 ]
GRIP_SCALE = [ 1.020000, 1.020000 ]
RIM_SIZE = [ 18.000000, 18.000000 ]
SECTION_WIDTH = [ 225.000000, 225.000000 ]
STATIC_GRIP = [ 1.900000, 1.900000 ]
STEERING = 1.050000
YAW_CONTROL = [ 0.340000, 0.550000, 0.700000, 1.000000 ]
YAW_SPEED = 0.725000
DRIFT_ADDITIONAL_YAW_CONTROL = [ 5.500000, 5.000000, 5.000000, 5.000000, 5.000000, 5.000000, 5.000000, 5.000000, 4.500000, 4.000000 ]
DRIFT_YAW_CONTROL = [ 0.450000, 0.550000, 0.650000, 0.750000, 0.850000, 0.950000, 1.000000, 1.000000, 1.000000, 1.000000 ]
STEERING_RANGE = [ 47.250000, 15.750000, 11.550000, 8.400000, 7.350000, 7.350000, 7.350000, 7.350000, 7.350000, 7.350000 ]

[transmission]
CLUTCH_SLIP = 0.800000
DIFFERENTIAL = [ 0.800000, 0.800000, 0.000000 ]
FINAL_GEAR = 4.950000
GEAR_EFFICIENCY = [ 1.000000, 1.000000, 0.950000, 1.000000, 1.000000, 1.000000, 1.000000, 1.000000, 1.000000 ]
GEAR_RATIO = [ 3.000000, 0.000000, 3.700000, 2.270000, 1.650000, 1.300000, 1.070000, 0.930000, 0.000000 ]
OPTIMAL_SHIFT = 500.000000
SHIFT_SPEED = 0.100000
TORQUE_CONVERTER = 0.300000
TORQUE_SPLIT = 0.000000