[pvehicle]
TENSOR_SCALE = [ 1.050000, 3.600000, 1.050000 ]

[brakes]
BRAKE_LOCK = [ 1.000000, 3.700000 ]
BRAKES = [ 525.000000, 650.000000 ]
EBRAKE = 700.000000

[chassis]
AERO_CG = 48.500000
AERO_COEFFICIENT = 0.230000
DRAG_COEFFICIENT = 0.440000
FRONT_WEIGHT_BIAS = 53.700001
RENDER_MOTION = 0.500000
RIDE_HEIGHT = [ 6.500000, 6.500000 ]
ROLL_CENTER = 8.750000
SHOCK_BLOWOUT = 6.000000
SHOCK_DIGRESSION = [ 0.450000, 0.450000 ]
SHOCK_EXT_STIFFNESS = [ 85.000000, 90.000000 ]
SHOCK_STIFFNESS = [ 70.000000, 70.000000 ]
SHOCK_VALVING = [ 24.000000, 24.000000 ]
SPRING_PROGRESSION = [ 7.000000, 7.000000 ]
SPRING_STIFFNESS = [ 550.000000, 500.000000 ]
SWAYBAR_STIFFNESS = [ 275.000000, 275.000000 ]
TRAVEL = [ 6.000000, 6.000000 ]

[tires]
DYNAMIC_GRIP = [ 1.800000, 1.890000 ]
GRIP_SCALE = [ 1.000000, 1.000000 ]
STATIC_GRIP = [ 2.000000, 2.150000 ]
STEERING = 1.080000
YAW_CONTROL = [ 0.100000, 0.400000, 1.000000, 1.200000 ]
YAW_SPEED = 0.610000

[transmission]
DIFFERENTIAL = [ 0.000000, 0.750000, 0.000000 ]
TORQUE_SPLIT = 0.000000