[pvehicle]
MASS = 1950.000000
TENSOR_SCALE = [ 1.000000, 2.000000, 1.000000, 0.000000 ]

[brakes]
BRAKE_LOCK = [ 1.000000, 2.500000 ]
BRAKES = [ 500.000000, 575.000000 ]
EBRAKE = 850.000000

[chassis]
AERO_CG = 45.000000
AERO_COEFFICIENT = 0.195000
DIVE_SPEED = 1.000000
DRAG_COEFFICIENT = 0.400000
FRONT_AXLE = 1.390000
FRONT_WEIGHT_BIAS = 54.000000
RENDER_MOTION = 1.000000
RIDE_HEIGHT = [ 7.000000, 7.000000 ]
ROLL_CENTER = 12.000000
ROLL_SPEED = 1.000000
SHOCK_BLOWOUT = 6.000000
SHOCK_DIGRESSION = [ 0.200000, 0.200000 ]
SHOCK_EXT_STIFFNESS = [ 60.000000, 50.000000 ]
SHOCK_STIFFNESS = [ 50.000000, 45.000000 ]
SHOCK_VALVING = [ 24.000000, 24.000000 ]
SPRING_PROGRESSION = [ 6.000000, 5.750000 ]
SPRING_STIFFNESS = [ 550.000000, 475.000000 ]
SQUAT_SPEED = 1.000000
SWAYBAR_STIFFNESS = [ 300.000000, 300.000000 ]
TRACK_WIDTH = [ 1.559000, 1.537000 ]
TRAVEL = [ 6.000000, 6.000000 ]
WHEEL_BASE = 2.560000

[engine]
ENGINE_BRAKING = [ 0.700000, 0.800000, 0.900000 ]
FLYWHEEL_MASS = 11.000000
IDLE = 800.000000
MAX_RPM = 7050.000000
RED_LINE = 6050.000000
TORQUE = [ 140.000000, 300.000000, 500.000000, 494.000000, 440.000000, 392.000000, 344.000000, 304.000000, 272.000000 ]

[induction]
HIGH_BOOST = 0.050000
LOW_BOOST = 0.050000
PSI = 13.050000
SPOOL = 0.200000
SPOOL_TIME_DOWN = 0.250000
SPOOL_TIME_UP = 2.000000
VACUUM = -0.050000

[tires]
ASPECT_RATIO = [ 30.000000, 30.000000 ]
DRIFT_COUNTER_STEER_BUILDUP = 1.800000
DRIFT_COUNTER_STEER_REDUCTION = 5.000000
DRIFT_ELLIPSE_RATIO = [ 0.500000, 0.500000, 0.500000, 0.400000, 0.400000, 0.450000, 0.450000, 0.500000, 0.500000, 0.500000 ]
DRIFT_LATERAL_FORCE = 65.000000
DRIFT_MAINTAIN_SPEED_FORCE = 1100.000000
DYNAMIC_GRIP = [ 1.500000, 1.800000 ]
GRIP_SCALE = [ 1.000000, 1.000000 ]
RIM_SIZE = [ 19.000000, 19.000000 ]
SECTION_WIDTH = [ 285.000000, 285.000000 ]
STATIC_GRIP = [ 1.700000, 2.000000 ]
STEERING = 0.950000
YAW_CONTROL = [ 0.300000, 0.650000, 1.000000, 1.200000 ]
YAW_SPEED = 0.300000
DRIFT_ADDITIONAL_YAW_CONTROL = [ 5.500000, 5.000000, 4.500000, 4.500000, 4.500000, 4.500000, 4.500000, 4.500000, 4.000000, 3.500000 ]
DRIFT_YAW_CONTROL = [ 0.100000, 0.250000, 0.350000, 0.650000, 0.750000, 1.000000, 1.250000, 1.500000, 1.500000, 1.500000 ]
STEERING_RANGE = [ 45.000000, 15.000000, 11.000000, 8.000000, 7.000000, 7.000000, 7.000000, 7.000000, 7.000000, 7.000000 ]

[transmission]
CLUTCH_SLIP = 0.800000
DIFFERENTIAL = [ 0.000000, 0.850000, 0.000000 ]
FINAL_GEAR = 3.200000
GEAR_EFFICIENCY = [ 1.000000, 1.000000, 1.000000, 1.000000, 1.000000, 1.000000, 1.000000, 1.000000, 1.000000 ]
GEAR_RATIO = [ 3.160000, 0.000000, 3.590000, 2.190000, 1.410000, 1.040000, 0.830000, 0.000000, 0.000000 ]
OPTIMAL_SHIFT = 500.000000
SHIFT_SPEED = 0.250000
TORQUE_CONVERTER = 0.900000
TORQUE_SPLIT = 0.000000