[pvehicle]
TENSOR_SCALE = [ 1.000000, 2.000000, 1.000000 ]

[brakes]
BRAKE_LOCK = [ 1.000000, 3.000000 ]
BRAKES = [ 550.000000, 650.000000 ]
EBRAKE = 900.000000

[chassis]
AERO_CG = 47.000000
AERO_COEFFICIENT = 0.250000
DRAG_COEFFICIENT = 0.450000
FRONT_WEIGHT_BIAS = 54.000000
RENDER_MOTION = 0.650000
RIDE_HEIGHT = [ 7.000000, 7.000000 ]
ROLL_CENTER = 10.000000
SHOCK_BLOWOUT = 6.000000
SHOCK_DIGRESSION = [ 0.300000, 0.300000 ]
SHOCK_EXT_STIFFNESS = [ 85.000000, 90.000000 ]
SHOCK_STIFFNESS = [ 65.000000, 75.000000 ]
SHOCK_VALVING = [ 24.000000, 24.000000 ]
SPRING_PROGRESSION = [ 8.000000, 8.500000 ]
SPRING_STIFFNESS = [ 700.000000, 710.000000 ]
SWAYBAR_STIFFNESS = [ 350.000000, 400.000000 ]
TRAVEL = [ 6.000000, 6.000000 ]

[tires]
DYNAMIC_GRIP = [ 1.800000, 2.000000 ]
GRIP_SCALE = [ 1.000000, 1.000000 ]
STATIC_GRIP = [ 2.000000, 2.200000 ]
STEERING = 1.020000
YAW_CONTROL = [ 0.200000, 0.600000, 0.850000, 1.100000 ]
YAW_SPEED = 0.325000

[transmission]
DIFFERENTIAL = [ 0.000000, 0.850000, 0.000000 ]
TORQUE_SPLIT = 0.000000