[pvehicle]
TENSOR_SCALE = [ 1.000000, 2.000000, 1.000000 ]

[brakes]
BRAKE_LOCK = [ 1.000000, 3.000000 ]
BRAKES = [ 550.000000, 625.000000 ]
EBRAKE = 900.000000

[chassis]
AERO_CG = 46.000000
AERO_COEFFICIENT = 0.270000
DRAG_COEFFICIENT = 0.400000
FRONT_WEIGHT_BIAS = 54.000000
RENDER_MOTION = 1.000000
RIDE_HEIGHT = [ 7.000000, 7.000000 ]
ROLL_CENTER = 9.750000
SHOCK_BLOWOUT = 6.000000
SHOCK_DIGRESSION = [ 0.300000, 0.300000 ]
SHOCK_EXT_STIFFNESS = [ 60.000000, 60.000000 ]
SHOCK_STIFFNESS = [ 65.000000, 50.000000 ]
SHOCK_VALVING = [ 26.000000, 26.000000 ]
SPRING_PROGRESSION = [ 8.500000, 8.000000 ]
SPRING_STIFFNESS = [ 600.000000, 500.000000 ]
SWAYBAR_STIFFNESS = [ 250.000000, 200.000000 ]
TRAVEL = [ 7.000000, 7.000000 ]

[tires]
DYNAMIC_GRIP = [ 1.800000, 1.800000 ]
GRIP_SCALE = [ 1.125000, 1.150000 ]
STATIC_GRIP = [ 2.000000, 2.000000 ]
STEERING = 0.900000
YAW_CONTROL = [ 0.100000, 0.350000, 0.650000, 0.850000 ]
YAW_SPEED = 0.350000

[transmission]
DIFFERENTIAL = [ 0.000000, 0.850000, 0.000000 ]
TORQUE_SPLIT = 0.000000