[pvehicle]
MASS = 1768.000000
TENSOR_SCALE = [ 1.000000, 2.000000, 1.000000, 0.000000 ]

[brakes]
BRAKE_LOCK = [ 1.000000, 3.000000 ]
BRAKES = [ 550.000000, 625.000000 ]
EBRAKE = 900.000000

[chassis]
AERO_CG = 46.000000
AERO_COEFFICIENT = 0.270000
DIVE_SPEED = 1.000000
DRAG_COEFFICIENT = 0.400000
FRONT_AXLE = 1.426000
FRONT_WEIGHT_BIAS = 54.000000
RENDER_MOTION = 1.000000
RIDE_HEIGHT = [ 7.000000, 7.000000 ]
ROLL_CENTER = 9.750000
ROLL_SPEED = 1.000000
SHOCK_BLOWOUT = 6.000000
SHOCK_DIGRESSION = [ 0.300000, 0.300000 ]
SHOCK_EXT_STIFFNESS = [ 60.000000, 60.000000 ]
SHOCK_STIFFNESS = [ 65.000000, 50.000000 ]
SHOCK_VALVING = [ 26.000000, 26.000000 ]
SPRING_PROGRESSION = [ 8.500000, 8.000000 ]
SPRING_STIFFNESS = [ 600.000000, 500.000000 ]
SQUAT_SPEED = 1.000000
SWAYBAR_STIFFNESS = [ 250.000000, 200.000000 ]
TRACK_WIDTH = [ 1.638000, 1.569000 ]
TRAVEL = [ 7.000000, 7.000000 ]
WHEEL_BASE = 2.700000

[engine]
ENGINE_BRAKING = [ 0.700000, 0.800000, 0.900000 ]
FLYWHEEL_MASS = 12.000000
IDLE = 800.000000
MAX_RPM = 8000.000000
RED_LINE = 7000.000000
TORQUE = [ 165.000000, 330.000000, 550.000000, 633.000000, 578.000000, 495.000000, 429.000000, 385.000000, 352.000000 ]

[induction]
HIGH_BOOST = 0.050000
LOW_BOOST = 0.200000
PSI = 14.000000
SPOOL = 0.000000
SPOOL_TIME_DOWN = 0.000000
SPOOL_TIME_UP = 0.000000
VACUUM = 0.000000

[tires]
ASPECT_RATIO = [ 35.000000, 35.000000 ]
DRIFT_COUNTER_STEER_BUILDUP = 1.800000
DRIFT_COUNTER_STEER_REDUCTION = 5.000000
DRIFT_ELLIPSE_RATIO = [ 0.500000, 0.500000, 0.500000, 0.400000, 0.400000, 0.450000, 0.450000, 0.500000, 0.500000, 0.500000 ]
DRIFT_LATERAL_FORCE = 57.500000
DRIFT_MAINTAIN_SPEED_FORCE = 1100.000000
DYNAMIC_GRIP = [ 1.800000, 1.800000 ]
GRIP_SCALE = [ 1.125000, 1.150000 ]
RIM_SIZE = [ 18.000000, 18.000000 ]
SECTION_WIDTH = [ 295.000000, 295.000000 ]
STATIC_GRIP = [ 2.000000, 2.000000 ]
STEERING = 0.900000
YAW_CONTROL = [ 0.100000, 0.350000, 0.650000, 0.850000 ]
YAW_SPEED = 0.350000
DRIFT_ADDITIONAL_YAW_CONTROL = [ 5.500000, 5.000000, 4.500000, 4.500000, 4.500000, 4.500000, 4.500000, 4.500000, 4.000000, 3.500000 ]
DRIFT_YAW_CONTROL = [ 0.350000, 0.550000, 0.650000, 0.750000, 0.950000, 1.000000, 1.150000, 1.250000, 1.500000, 1.500000 ]
STEERING_RANGE = [ 46.799999, 15.600000, 11.440000, 8.320000, 7.280000, 7.280000, 7.280000, 7.280000, 7.280000, 7.280000 ]

[transmission]
CLUTCH_SLIP = 0.800000
DIFFERENTIAL = [ 0.000000, 0.850000, 0.000000 ]
FINAL_GEAR = 3.251000
GEAR_EFFICIENCY = [ 1.000000, 1.000000, 1.000000, 0.800000, 1.000000, 1.000000, 1.000000, 1.000000, 1.000000 ]
GEAR_RATIO = [ 3.170000, 0.000000, 3.560000, 2.190000, 1.410000, 1.000000, 0.830000, 0.000000, 0.000000 ]
OPTIMAL_SHIFT = 500.000000
SHIFT_SPEED = 0.250000
TORQUE_CONVERTER = 0.200000
TORQUE_SPLIT = 0.000000