[pvehicle]
TENSOR_SCALE = [ 1.000000, 2.000000, 1.000000 ]

[brakes]
BRAKE_LOCK = [ 1.000000, 3.000000 ]
BRAKES = [ 650.000000, 700.000000 ]
EBRAKE = 950.000000

[chassis]
AERO_CG = 47.500000
AERO_COEFFICIENT = 0.285000
DRAG_COEFFICIENT = 0.440000
FRONT_WEIGHT_BIAS = 54.000000
RENDER_MOTION = 0.500000
RIDE_HEIGHT = [ 7.000000, 7.000000 ]
ROLL_CENTER = 9.000000
SHOCK_BLOWOUT = 6.000000
SHOCK_DIGRESSION = [ 0.100000, 0.100000 ]
SHOCK_EXT_STIFFNESS = [ 85.000000, 85.000000 ]
SHOCK_STIFFNESS = [ 70.000000, 75.000000 ]
SHOCK_VALVING = [ 18.000000, 18.000000 ]
SPRING_PROGRESSION = [ 8.000000, 8.500000 ]
SPRING_STIFFNESS = [ 675.000000, 775.000000 ]
SWAYBAR_STIFFNESS = [ 350.000000, 350.000000 ]
TRAVEL = [ 6.500000, 6.500000 ]

[tires]
DYNAMIC_GRIP = [ 1.900000, 2.000000 ]
GRIP_SCALE = [ 1.150000, 1.200000 ]
STATIC_GRIP = [ 2.100000, 2.200000 ]
STEERING = 0.900000
YAW_CONTROL = [ 0.100000, 0.500000, 0.700000, 1.000000 ]
YAW_SPEED = 0.360000

[transmission]
DIFFERENTIAL = [ 0.000000, 0.800000, 0.000000 ]
TORQUE_SPLIT = 0.000000