[pvehicle]
TENSOR_SCALE = [ 1.000000, 2.000000, 1.000000 ]

[brakes]
BRAKE_LOCK = [ 1.000000, 3.500000 ]
BRAKES = [ 450.000000, 550.000000 ]
EBRAKE = 700.000000

[chassis]
AERO_CG = 48.000000
AERO_COEFFICIENT = 0.250000
DRAG_COEFFICIENT = 0.400000
FRONT_WEIGHT_BIAS = 53.000000
RENDER_MOTION = 1.000000
RIDE_HEIGHT = [ 8.000000, 8.000000 ]
ROLL_CENTER = 8.600000
SHOCK_BLOWOUT = 6.000000
SHOCK_DIGRESSION = [ 0.150000, 0.150000 ]
SHOCK_EXT_STIFFNESS = [ 65.000000, 80.000000 ]
SHOCK_STIFFNESS = [ 60.000000, 75.000000 ]
SHOCK_VALVING = [ 24.000000, 24.000000 ]
SPRING_PROGRESSION = [ 6.000000, 6.000000 ]
SPRING_STIFFNESS = [ 425.000000, 600.000000 ]
SWAYBAR_STIFFNESS = [ 250.000000, 200.000000 ]
TRAVEL = [ 7.000000, 7.000000 ]

[tires]
DYNAMIC_GRIP = [ 1.800000, 2.050000 ]
GRIP_SCALE = [ 1.200000, 1.200000 ]
STATIC_GRIP = [ 2.000000, 2.200000 ]
STEERING = 1.050000
YAW_CONTROL = [ 0.350000, 0.450000, 0.550000, 1.000000 ]
YAW_SPEED = 0.300000

[transmission]
DIFFERENTIAL = [ 0.000000, 0.800000, 0.000000 ]
TORQUE_SPLIT = 0.000000