[pvehicle]
TENSOR_SCALE = [ 1.000000, 2.000000, 1.000000 ]

[brakes]
BRAKE_LOCK = [ 1.000000, 3.300000 ]
BRAKES = [ 550.000000, 650.000000 ]
EBRAKE = 900.000000

[chassis]
AERO_CG = 47.250000
AERO_COEFFICIENT = 0.265000
DRAG_COEFFICIENT = 0.375000
FRONT_WEIGHT_BIAS = 53.000000
RENDER_MOTION = 0.500000
RIDE_HEIGHT = [ 6.000000, 6.000000 ]
ROLL_CENTER = 8.500000
SHOCK_BLOWOUT = 6.000000
SHOCK_DIGRESSION = [ 0.300000, 0.300000 ]
SHOCK_EXT_STIFFNESS = [ 85.000000, 90.000000 ]
SHOCK_STIFFNESS = [ 70.000000, 80.000000 ]
SHOCK_VALVING = [ 24.000000, 24.000000 ]
SPRING_PROGRESSION = [ 7.500000, 7.600000 ]
SPRING_STIFFNESS = [ 725.000000, 725.000000 ]
SWAYBAR_STIFFNESS = [ 275.000000, 275.000000 ]
TRAVEL = [ 6.000000, 6.000000 ]

[tires]
DYNAMIC_GRIP = [ 2.000000, 2.100000 ]
GRIP_SCALE = [ 1.200000, 1.250000 ]
STATIC_GRIP = [ 2.325000, 2.325000 ]
STEERING = 1.000000
YAW_CONTROL = [ 0.000000, 0.450000, 0.850000, 1.000000 ]
YAW_SPEED = 0.300000

[transmission]
DIFFERENTIAL = [ 0.000000, 0.850000, 0.000000 ]
TORQUE_SPLIT = 0.000000