[pvehicle]
MASS = 1593.000000
TENSOR_SCALE = [ 1.000000, 2.000000, 1.000000, 0.000000 ]

[brakes]
BRAKE_LOCK = [ 1.000000, 3.300000 ]
BRAKES = [ 550.000000, 650.000000 ]
EBRAKE = 900.000000

[chassis]
AERO_CG = 47.250000
AERO_COEFFICIENT = 0.265000
DIVE_SPEED = 1.000000
DRAG_COEFFICIENT = 0.375000
FRONT_AXLE = 1.350000
FRONT_WEIGHT_BIAS = 53.000000
RENDER_MOTION = 0.500000
RIDE_HEIGHT = [ 6.000000, 6.000000 ]
ROLL_CENTER = 8.500000
ROLL_SPEED = 1.000000
SHOCK_BLOWOUT = 6.000000
SHOCK_DIGRESSION = [ 0.300000, 0.300000 ]
SHOCK_EXT_STIFFNESS = [ 85.000000, 90.000000 ]
SHOCK_STIFFNESS = [ 70.000000, 80.000000 ]
SHOCK_VALVING = [ 24.000000, 24.000000 ]
SPRING_PROGRESSION = [ 7.500000, 7.600000 ]
SPRING_STIFFNESS = [ 725.000000, 725.000000 ]
SQUAT_SPEED = 1.000000
SWAYBAR_STIFFNESS = [ 275.000000, 275.000000 ]
TRACK_WIDTH = [ 1.520000, 1.525000 ]
TRAVEL = [ 6.000000, 6.000000 ]
WHEEL_BASE = 2.625000

[engine]
ENGINE_BRAKING = [ 0.700000, 0.800000, 0.900000 ]
FLYWHEEL_MASS = 9.500000
IDLE = 800.000000
MAX_RPM = 7800.000000
RED_LINE = 6800.000000
TORQUE = [ 161.000000, 203.000000, 266.000000, 374.000000, 429.000000, 403.000000, 352.000000, 304.000000, 269.000000 ]

[induction]
HIGH_BOOST = 0.175000
LOW_BOOST = 0.100000
PSI = 15.000000
SPOOL = 0.200000
SPOOL_TIME_DOWN = 0.250000
SPOOL_TIME_UP = 2.500000
VACUUM = -0.050000

[tires]
ASPECT_RATIO = [ 45.000000, 40.000000 ]
DRIFT_COUNTER_STEER_BUILDUP = 1.650000
DRIFT_COUNTER_STEER_REDUCTION = 3.000000
DRIFT_ELLIPSE_RATIO = [ 0.600000, 0.600000, 0.600000, 0.500000, 0.500000, 0.450000, 0.500000, 0.550000, 0.600000, 0.600000 ]
DRIFT_LATERAL_FORCE = 60.000000
DRIFT_MAINTAIN_SPEED_FORCE = 2300.000000
DYNAMIC_GRIP = [ 2.000000, 2.100000 ]
GRIP_SCALE = [ 1.200000, 1.250000 ]
RIM_SIZE = [ 17.000000, 17.000000 ]
SECTION_WIDTH = [ 255.000000, 255.000000 ]
STATIC_GRIP = [ 2.325000, 2.325000 ]
STEERING = 1.000000
YAW_CONTROL = [ 0.000000, 0.450000, 0.850000, 1.000000 ]
YAW_SPEED = 0.300000
DRIFT_ADDITIONAL_YAW_CONTROL = [ 5.500000, 5.000000, 5.000000, 5.000000, 5.000000, 5.000000, 5.000000, 5.000000, 4.500000, 4.000000 ]
DRIFT_YAW_CONTROL = [ 0.100000, 0.150000, 0.250000, 0.500000, 0.650000, 0.750000, 1.000000, 1.000000, 1.000000, 1.000000 ]
STEERING_RANGE = [ 45.000000, 15.000000, 11.000000, 8.000000, 7.000000, 7.000000, 7.000000, 7.000000, 7.000000, 7.000000 ]

[transmission]
CLUTCH_SLIP = 0.800000
DIFFERENTIAL = [ 0.000000, 0.850000, 0.000000 ]
FINAL_GEAR = 3.000000
GEAR_EFFICIENCY = [ 1.000000, 1.000000, 1.000000, 1.000000, 1.000000, 1.000000, 1.000000, 1.000000, 1.000000 ]
GEAR_RATIO = [ 2.500000, 0.000000, 3.400000, 2.250000, 1.690000, 1.310000, 1.050000, 0.900000, 0.000000 ]
OPTIMAL_SHIFT = 500.000000
SHIFT_SPEED = 0.250000
TORQUE_CONVERTER = 0.400000
TORQUE_SPLIT = 0.000000