[pvehicle]
MASS = 1400.000000
TENSOR_SCALE = [ 1.100000, 2.000000, 1.100000, 0.000000 ]