[pvehicle]
MASS = 1550.000000
TENSOR_SCALE = [ 1.000000, 2.000000, 1.000000, 0.000000 ]

[brakes]
BRAKE_LOCK = [ 1.000000, 3.300000 ]
BRAKES = [ 500.000000, 650.000000 ]
EBRAKE = 750.000000

[chassis]
AERO_CG = 49.000000
AERO_COEFFICIENT = 0.200000
DIVE_SPEED = 1.000000
DRAG_COEFFICIENT = 0.350000
FRONT_AXLE = 1.300000
FRONT_WEIGHT_BIAS = 50.000000
RENDER_MOTION = 0.500000
RIDE_HEIGHT = [ 7.100000, 7.100000 ]
ROLL_CENTER = 10.000000
ROLL_SPEED = 1.000000
SHOCK_BLOWOUT = 5.000000
SHOCK_DIGRESSION = [ 0.600000, 0.600000 ]
SHOCK_EXT_STIFFNESS = [ 90.000000, 95.000000 ]
SHOCK_STIFFNESS = [ 85.000000, 85.000000 ]
SHOCK_VALVING = [ 24.000000, 24.000000 ]
SPRING_PROGRESSION = [ 7.500000, 8.000000 ]
SPRING_STIFFNESS = [ 650.000000, 650.000000 ]
SQUAT_SPEED = 1.000000
SWAYBAR_STIFFNESS = [ 400.000000, 375.000000 ]
TRACK_WIDTH = [ 1.534000, 1.544000 ]
TRAVEL = [ 6.000000, 6.000000 ]
WHEEL_BASE = 2.550000

[engine]
ENGINE_BRAKING = [ 0.700000, 0.800000, 0.900000 ]
FLYWHEEL_MASS = 13.000000
IDLE = 800.000000
MAX_RPM = 7000.000000
RED_LINE = 6000.000000
TORQUE = [ 345.000000, 693.000000, 1096.000000, 1200.000000, 1155.000000, 1003.000000, 864.000000, 766.000000, 682.000000 ]

[induction]
HIGH_BOOST = 0.100000
LOW_BOOST = 0.100000
PSI = 15.000000
SPOOL = 0.000000
SPOOL_TIME_DOWN = 0.250000
SPOOL_TIME_UP = 1.000000
VACUUM = 0.000000

[tires]
ASPECT_RATIO = [ 30.000000, 30.000000 ]
DRIFT_COUNTER_STEER_BUILDUP = 1.900000
DRIFT_COUNTER_STEER_REDUCTION = 5.500000
DRIFT_ELLIPSE_RATIO = [ 0.600000, 0.600000, 0.600000, 0.600000, 0.500000, 0.500000, 0.500000, 0.600000, 0.600000, 0.600000 ]
DRIFT_LATERAL_FORCE = 62.500000
DRIFT_MAINTAIN_SPEED_FORCE = 1200.000000
DYNAMIC_GRIP = [ 1.700000, 1.700000 ]
GRIP_SCALE = [ 1.000000, 1.000000 ]
RIM_SIZE = [ 19.000000, 19.000000 ]
SECTION_WIDTH = [ 345.000000, 345.000000 ]
STATIC_GRIP = [ 2.000000, 2.000000 ]
STEERING = 1.050000
YAW_CONTROL = [ 0.000000, 0.100000, 0.200000, 0.300000 ]
YAW_SPEED = 0.320000
DRIFT_ADDITIONAL_YAW_CONTROL = [ 4.750000, 4.500000, 4.250000, 4.000000, 4.250000, 4.500000, 4.750000, 4.500000, 4.000000, 3.500000 ]
DRIFT_YAW_CONTROL = [ 0.500000, 0.500000, 0.750000, 0.750000, 1.000000, 1.000000, 1.000000, 1.000000, 1.000000, 1.000000 ]
STEERING_RANGE = [ 47.250000, 15.750000, 11.550000, 8.400000, 7.350000, 7.350000, 7.350000, 7.350000, 7.350000, 7.350000 ]

[transmission]
CLUTCH_SLIP = 0.700000
DIFFERENTIAL = [ 0.000000, 0.700000, 0.000000 ]
FINAL_GEAR = 3.417500
GEAR_EFFICIENCY = [ 1.000000, 1.000000, 1.000000, 1.000000, 1.000000, 1.000000, 1.000000, 1.000000, 1.000000 ]
GEAR_RATIO = [ 2.500000, 0.000000, 3.580000, 1.900000, 1.270000, 1.020000, 0.850000, 0.700000, 0.000000 ]
OPTIMAL_SHIFT = 500.000000
SHIFT_SPEED = 0.250000
TORQUE_CONVERTER = 0.300000
TORQUE_SPLIT = 0.000000