[pvehicle]
TENSOR_SCALE = [ 1.000000, 2.000000, 1.000000 ]

[brakes]
BRAKE_LOCK = [ 1.000000, 3.000000 ]
BRAKES = [ 450.000000, 500.000000 ]
EBRAKE = 950.000000

[chassis]
AERO_CG = 46.000000
AERO_COEFFICIENT = 0.285000
DRAG_COEFFICIENT = 0.285000
FRONT_WEIGHT_BIAS = 55.000000
RENDER_MOTION = 1.000000
RIDE_HEIGHT = [ 7.000000, 7.000000 ]
ROLL_CENTER = 9.000000
SHOCK_BLOWOUT = 6.000000
SHOCK_DIGRESSION = [ 0.100000, 0.100000 ]
SHOCK_EXT_STIFFNESS = [ 85.000000, 85.000000 ]
SHOCK_STIFFNESS = [ 80.000000, 85.000000 ]
SHOCK_VALVING = [ 17.000000, 17.000000 ]
SPRING_PROGRESSION = [ 8.000000, 8.500000 ]
SPRING_STIFFNESS = [ 800.000000, 820.000000 ]
SWAYBAR_STIFFNESS = [ 400.000000, 375.000000 ]
TRAVEL = [ 6.500000, 6.500000 ]

[tires]
DYNAMIC_GRIP = [ 1.780000, 2.100000 ]
GRIP_SCALE = [ 1.020000, 1.050000 ]
STATIC_GRIP = [ 2.000000, 2.300000 ]
STEERING = 0.900000
YAW_CONTROL = [ 0.300000, 0.500000, 0.850000, 1.050000 ]
YAW_SPEED = 0.300000

[transmission]
DIFFERENTIAL = [ 0.000000, 0.750000, 0.000000 ]
TORQUE_SPLIT = 0.000000