[brakes]
BRAKE_LOCK = [ 1.000000, 3.500000 ]
BRAKES = [ 450.000000, 570.000000 ]
EBRAKE = 900.000000

[chassis]
AERO_CG = 46.500000
AERO_COEFFICIENT = 0.270000
DRAG_COEFFICIENT = 0.350000
FRONT_AXLE = 1.350000
FRONT_WEIGHT_BIAS = 52.200001
RENDER_MOTION = 0.500000
RIDE_HEIGHT = [ 8.000000, 8.000000 ]
ROLL_CENTER = 9.150000
SHOCK_BLOWOUT = 6.000000
SHOCK_DIGRESSION = [ 0.100000, 0.100000 ]
SHOCK_EXT_STIFFNESS = [ 90.000000, 90.000000 ]
SHOCK_STIFFNESS = [ 70.000000, 70.000000 ]
SHOCK_VALVING = [ 24.000000, 24.000000 ]
SPRING_PROGRESSION = [ 7.000000, 7.000000 ]
SPRING_STIFFNESS = [ 750.000000, 700.000000 ]
SWAYBAR_STIFFNESS = [ 350.000000, 350.000000 ]
TRACK_WIDTH = [ 1.522000, 1.522000 ]
TRAVEL = [ 6.000000, 6.000000 ]
WHEEL_BASE = 2.648000

[tires]
DYNAMIC_GRIP = [ 1.925000, 2.000000 ]
GRIP_SCALE = [ 1.000000, 1.050000 ]
SECTION_WIDTH = [ 225.000000, 245.000000 ]
STATIC_GRIP = [ 2.100000, 2.200000 ]
STEERING = 1.000000
YAW_CONTROL = [ 0.100000, 0.600000, 1.000000, 1.200000 ]
YAW_SPEED = 0.500000

[transmission]
DIFFERENTIAL = [ 0.750000, 0.750000, 0.750000 ]
TORQUE_SPLIT = 0.500000