[brakes]
BRAKE_LOCK = [ 1.000000, 3.250000 ]
BRAKES = [ 400.000000, 575.000000 ]
EBRAKE = 700.000000

[chassis]
AERO_CG = 48.000000
AERO_COEFFICIENT = 0.250000
DRAG_COEFFICIENT = 0.390000
FRONT_WEIGHT_BIAS = 53.000000
RENDER_MOTION = 0.500000
RIDE_HEIGHT = [ 8.850000, 8.850000 ]
ROLL_CENTER = 9.000000
SHOCK_BLOWOUT = 8.000000
SHOCK_DIGRESSION = [ 0.100000, 0.100000 ]
SHOCK_EXT_STIFFNESS = [ 70.000000, 65.000000 ]
SHOCK_STIFFNESS = [ 65.000000, 60.000000 ]
SHOCK_VALVING = [ 24.000000, 24.000000 ]
SPRING_PROGRESSION = [ 7.500000, 7.500000 ]
SPRING_STIFFNESS = [ 650.000000, 550.000000 ]
SWAYBAR_STIFFNESS = [ 350.000000, 350.000000 ]
TRAVEL = [ 7.000000, 7.000000 ]

[tires]
DYNAMIC_GRIP = [ 1.750000, 1.900000 ]
GRIP_SCALE = [ 1.000000, 1.010000 ]
STATIC_GRIP = [ 1.950000, 2.100000 ]
STEERING = 1.000000
YAW_CONTROL = [ 0.200000, 0.550000, 0.700000, 1.000000 ]
YAW_SPEED = 0.425000

[transmission]
DIFFERENTIAL = [ 0.800000, 0.800000, 0.500000 ]
TORQUE_SPLIT = 0.500000

[pvehicle]
TENSOR_SCALE = [ 1.000000, 2.000000, 1.000000 ]