[pvehicle]
TENSOR_SCALE = [ 1.000000, 2.000000, 1.000000 ]

[brakes]
BRAKE_LOCK = [ 1.000000, 3.000000 ]
BRAKES = [ 700.000000, 800.000000 ]
EBRAKE = 1200.000000

[chassis]
AERO_CG = 48.000000
AERO_COEFFICIENT = 0.300000
DRAG_COEFFICIENT = 0.300000
FRONT_WEIGHT_BIAS = 52.000000
RENDER_MOTION = 0.500000
RIDE_HEIGHT = [ 7.750000, 7.750000 ]
ROLL_CENTER = 8.000000
SHOCK_BLOWOUT = 6.000000
SHOCK_DIGRESSION = [ 0.200000, 0.200000 ]
SHOCK_EXT_STIFFNESS = [ 90.000000, 90.000000 ]
SHOCK_STIFFNESS = [ 72.000000, 80.000000 ]
SHOCK_VALVING = [ 24.000000, 24.000000 ]
SPRING_PROGRESSION = [ 7.000000, 7.000000 ]
SPRING_STIFFNESS = [ 700.000000, 900.000000 ]
SWAYBAR_STIFFNESS = [ 300.000000, 390.000000 ]
TRAVEL = [ 7.000000, 7.000000 ]

[tires]
DYNAMIC_GRIP = [ 2.200000, 2.300000 ]
GRIP_SCALE = [ 1.150000, 1.250000 ]
STATIC_GRIP = [ 2.500000, 2.600000 ]
STEERING = 1.050000
YAW_CONTROL = [ 0.400000, 0.600000, 0.800000, 1.000000 ]
YAW_SPEED = 0.320000

[transmission]
DIFFERENTIAL = [ 0.500000, 0.500000, 0.500000 ]
TORQUE_SPLIT = 0.500000