[pvehicle]
TENSOR_SCALE = [ 1.000000, 2.000000, 1.000000 ]

[brakes]
BRAKE_LOCK = [ 1.000000, 2.500000 ]
BRAKES = [ 400.000000, 450.000000 ]
EBRAKE = 975.000000

[chassis]
AERO_CG = 46.000000
AERO_COEFFICIENT = 0.400000
DRAG_COEFFICIENT = 0.400000
FRONT_WEIGHT_BIAS = 55.000000
RENDER_MOTION = 1.000000
RIDE_HEIGHT = [ 6.000000, 6.000000 ]
ROLL_CENTER = 8.850000
SHOCK_BLOWOUT = 5.000000
SHOCK_DIGRESSION = [ 0.400000, 0.400000 ]
SHOCK_EXT_STIFFNESS = [ 60.000000, 60.000000 ]
SHOCK_STIFFNESS = [ 50.000000, 50.000000 ]
SHOCK_VALVING = [ 20.000000, 20.000000 ]
SPRING_PROGRESSION = [ 7.500000, 6.000000 ]
SPRING_STIFFNESS = [ 900.000000, 800.000000 ]
SWAYBAR_STIFFNESS = [ 500.000000, 500.000000 ]
TRAVEL = [ 5.750000, 5.750000 ]

[engine]

[tires]
DYNAMIC_GRIP = [ 2.200000, 2.400000 ]
GRIP_SCALE = [ 1.100000, 1.250000 ]
STATIC_GRIP = [ 2.300000, 2.500000 ]
STEERING = 0.975000
YAW_CONTROL = [ 1.000000, 1.500000, 1.570000, 1.800000 ]
YAW_SPEED = 0.200000
STEERING_RANGE = [ 40.500000, 13.500000, 9.900000, 7.200000, 6.300000, 6.300000, 6.300000, 6.300000, 6.300000, 6.300000 ]