[pvehicle]
MASS = 1590.000000
TENSOR_SCALE = [ 1.000000, 2.000000, 1.000000, 0.000000 ]

[brakes]
BRAKE_LOCK = [ 1.000000, 3.000000 ]
BRAKES = [ 700.000000, 800.000000 ]
EBRAKE = 1200.000000

[chassis]
AERO_CG = 48.000000
AERO_COEFFICIENT = 0.300000
DIVE_SPEED = 1.000000
DRAG_COEFFICIENT = 0.300000
FRONT_AXLE = 1.225000
FRONT_WEIGHT_BIAS = 52.000000
RENDER_MOTION = 0.500000
RIDE_HEIGHT = [ 7.750000, 7.750000 ]
ROLL_CENTER = 8.000000
ROLL_SPEED = 1.000000
SHOCK_BLOWOUT = 6.000000
SHOCK_DIGRESSION = [ 0.200000, 0.200000 ]
SHOCK_EXT_STIFFNESS = [ 90.000000, 90.000000 ]
SHOCK_STIFFNESS = [ 72.000000, 80.000000 ]
SHOCK_VALVING = [ 24.000000, 24.000000 ]
SPRING_PROGRESSION = [ 7.000000, 7.000000 ]
SPRING_STIFFNESS = [ 700.000000, 900.000000 ]
SQUAT_SPEED = 1.000000
SWAYBAR_STIFFNESS = [ 300.000000, 390.000000 ]
TRACK_WIDTH = [ 1.635000, 1.695000 ]
TRAVEL = [ 7.000000, 7.000000 ]
WHEEL_BASE = 2.650000

[engine]
ENGINE_BRAKING = [ 0.700000, 0.800000, 0.900000 ]
FLYWHEEL_MASS = 9.000000
IDLE = 800.000000
MAX_RPM = 8000.000000
RED_LINE = 7000.000000
TORQUE = [ 215.000000, 420.000000, 636.000000, 635.000000, 600.000000, 564.000000, 510.000000, 457.000000, 413.000000 ]

[induction]
HIGH_BOOST = 0.100000
LOW_BOOST = 0.100000
PSI = 15.000000
SPOOL = 0.200000
SPOOL_TIME_DOWN = 1.000000
SPOOL_TIME_UP = 1.000000
VACUUM = -0.050000

[tires]
ASPECT_RATIO = [ 30.000000, 30.000000 ]
DRIFT_COUNTER_STEER_BUILDUP = 1.800000
DRIFT_COUNTER_STEER_REDUCTION = 5.000000
DRIFT_ELLIPSE_RATIO = [ 0.500000, 0.500000, 0.500000, 0.400000, 0.400000, 0.450000, 0.450000, 0.500000, 0.500000, 0.500000 ]
DRIFT_LATERAL_FORCE = 60.000000
DRIFT_MAINTAIN_SPEED_FORCE = 1100.000000
DYNAMIC_GRIP = [ 2.200000, 2.300000 ]
GRIP_SCALE = [ 1.150000, 1.250000 ]
RIM_SIZE = [ 20.000000, 20.000000 ]
SECTION_WIDTH = [ 295.000000, 295.000000 ]
STATIC_GRIP = [ 2.500000, 2.600000 ]
STEERING = 1.050000
YAW_CONTROL = [ 0.400000, 0.600000, 0.800000, 1.000000 ]
YAW_SPEED = 0.320000
DRIFT_ADDITIONAL_YAW_CONTROL = [ 6.000000, 5.500000, 5.000000, 5.000000, 4.500000, 5.000000, 5.500000, 5.000000, 4.500000, 4.000000 ]
DRIFT_YAW_CONTROL = [ 0.100000, 0.200000, 0.300000, 0.400000, 0.500000, 0.600000, 0.750000, 1.000000, 1.100000, 1.100000 ]
STEERING_RANGE = [ 45.000000, 15.000000, 11.000000, 8.000000, 7.000000, 7.000000, 7.000000, 7.000000, 7.000000, 7.000000 ]

[transmission]
CLUTCH_SLIP = 0.800000
DIFFERENTIAL = [ 0.500000, 0.500000, 0.500000 ]
FINAL_GEAR = 2.900000
GEAR_EFFICIENCY = [ 1.000000, 1.000000, 1.000000, 1.000000, 1.000000, 1.000000, 1.000000, 1.000000, 1.000000 ]
GEAR_RATIO = [ 2.800000, 0.000000, 2.940000, 2.056000, 1.520000, 1.179000, 0.970000, 0.820000, 0.000000 ]
OPTIMAL_SHIFT = 500.000000
SHIFT_SPEED = 0.250000
TORQUE_CONVERTER = 0.300000
TORQUE_SPLIT = 0.500000