[brakes]
BRAKE_LOCK = [ 1.000000, 3.000000 ]
BRAKES = [ 475.000000, 600.000000 ]
EBRAKE = 750.000000

[chassis]
AERO_CG = 47.500000
AERO_COEFFICIENT = 0.270000
DRAG_COEFFICIENT = 0.380000
FRONT_AXLE = 1.324500
FRONT_WEIGHT_BIAS = 53.700001
RENDER_MOTION = 0.500000
RIDE_HEIGHT = [ 7.000000, 7.000000 ]
ROLL_CENTER = 9.000000
SHOCK_BLOWOUT = 6.000000
SHOCK_DIGRESSION = [ 0.100000, 0.100000 ]
SHOCK_EXT_STIFFNESS = [ 85.000000, 85.000000 ]
SHOCK_STIFFNESS = [ 70.000000, 70.000000 ]
SHOCK_VALVING = [ 20.000000, 20.000000 ]
SPRING_PROGRESSION = [ 7.500000, 8.000000 ]
SPRING_STIFFNESS = [ 650.000000, 675.000000 ]
SWAYBAR_STIFFNESS = [ 260.000000, 260.000000 ]
TRACK_WIDTH = [ 1.577000, 1.542000 ]
TRAVEL = [ 6.500000, 6.500000 ]
WHEEL_BASE = 2.686000

[tires]
DYNAMIC_GRIP = [ 1.800000, 1.900000 ]
GRIP_SCALE = [ 1.150000, 1.150000 ]
SECTION_WIDTH = [ 335.000000, 335.000000 ]
STATIC_GRIP = [ 2.000000, 2.100000 ]
STEERING = 1.050000
YAW_CONTROL = [ 0.100000, 0.400000, 0.800000, 1.200000 ]
YAW_SPEED = 0.300000

[transmission]
DIFFERENTIAL = [ 0.700000, 0.700000, 0.000000 ]
TORQUE_SPLIT = 0.000000