[pvehicle]
MASS = 1588.000000
TENSOR_SCALE = [ 1.000000, 2.000000, 1.000000, 0.000000 ]

[brakes]
BRAKE_LOCK = [ 1.000000, 3.700000 ]
BRAKES = [ 300.000000, 550.000000 ]
EBRAKE = 650.000000

[chassis]
AERO_CG = 49.000000
AERO_COEFFICIENT = 0.180000
DIVE_SPEED = 1.000000
DRAG_COEFFICIENT = 0.300000
FRONT_AXLE = 1.500000
FRONT_WEIGHT_BIAS = 51.000000
RENDER_MOTION = 1.000000
RIDE_HEIGHT = [ 7.500000, 7.500000 ]
ROLL_CENTER = 13.500000
ROLL_SPEED = 1.000000
SHOCK_BLOWOUT = 7.000000
SHOCK_DIGRESSION = [ 0.500000, 0.500000 ]
SHOCK_EXT_STIFFNESS = [ 45.000000, 60.000000 ]
SHOCK_STIFFNESS = [ 40.000000, 50.000000 ]
SHOCK_VALVING = [ 13.000000, 13.000000 ]
SPRING_PROGRESSION = [ 5.000000, 6.000000 ]
SPRING_STIFFNESS = [ 300.000000, 450.000000 ]
SQUAT_SPEED = 1.000000
SWAYBAR_STIFFNESS = [ 175.000000, 185.000000 ]
TRACK_WIDTH = [ 1.540000, 1.521000 ]
TRAVEL = [ 7.000000, 7.000000 ]
WHEEL_BASE = 2.845000

[engine]
ENGINE_BRAKING = [ 0.700000, 0.800000, 0.900000 ]
FLYWHEEL_MASS = 12.000000
IDLE = 800.000000
MAX_RPM = 7500.000000
RED_LINE = 6500.000000
TORQUE = [ 185.000000, 279.000000, 431.000000, 486.000000, 450.000000, 397.000000, 353.000000, 322.000000, 300.000000 ]

[induction]
HIGH_BOOST = 0.150000
LOW_BOOST = 0.150000
PSI = 12.000000
SPOOL = 0.000000
SPOOL_TIME_DOWN = 1.500000
SPOOL_TIME_UP = 2.500000
VACUUM = 0.000000

[tires]
ASPECT_RATIO = [ 60.000000, 60.000000 ]
DRIFT_COUNTER_STEER_BUILDUP = 1.900000
DRIFT_COUNTER_STEER_REDUCTION = 5.500000
DRIFT_ELLIPSE_RATIO = [ 0.600000, 0.600000, 0.600000, 0.600000, 0.500000, 0.500000, 0.500000, 0.600000, 0.600000, 0.600000 ]
DRIFT_LATERAL_FORCE = 62.500000
DRIFT_MAINTAIN_SPEED_FORCE = 1200.000000
DYNAMIC_GRIP = [ 1.200000, 1.300000 ]
GRIP_SCALE = [ 1.000000, 1.000000 ]
RIM_SIZE = [ 14.000000, 14.000000 ]
SECTION_WIDTH = [ 245.000000, 245.000000 ]
STATIC_GRIP = [ 1.400000, 1.500000 ]
STEERING = 0.950000
YAW_CONTROL = [ 0.000000, 0.000000, 0.000000, 0.000000 ]
YAW_SPEED = 0.325000
DRIFT_ADDITIONAL_YAW_CONTROL = [ 4.750000, 4.500000, 4.250000, 4.000000, 4.250000, 4.500000, 4.750000, 4.500000, 4.000000, 3.500000 ]
DRIFT_YAW_CONTROL = [ 0.500000, 0.600000, 0.700000, 0.800000, 0.900000, 1.000000, 1.000000, 1.000000, 1.000000, 1.000000 ]
STEERING_RANGE = [ 48.375000, 16.125000, 11.825000, 8.600000, 7.525000, 7.525000, 7.525000, 7.525000, 7.525000, 7.525000 ]

[transmission]
CLUTCH_SLIP = 0.700000
DIFFERENTIAL = [ 0.000000, 0.450000, 0.000000 ]
FINAL_GEAR = 4.200000
GEAR_EFFICIENCY = [ 1.000000, 1.000000, 1.000000, 1.000000, 1.000000, 1.000000, 1.000000, 1.000000, 1.000000 ]
GEAR_RATIO = [ 2.600000, 0.000000, 3.750000, 2.000000, 1.250000, 0.900000, 0.700000, 0.000000, 0.000000 ]
OPTIMAL_SHIFT = 500.000000
SHIFT_SPEED = 0.250000
TORQUE_CONVERTER = 0.300000
TORQUE_SPLIT = 0.000000