[pvehicle]
TENSOR_SCALE = [ 1.000000, 2.000000, 1.000000 ]

[brakes]
BRAKE_LOCK = [ 1.000000, 3.000000 ]
BRAKES = [ 525.000000, 650.000000 ]
EBRAKE = 850.000000

[chassis]
AERO_CG = 48.000000
AERO_COEFFICIENT = 0.170000
DRAG_COEFFICIENT = 0.470000
FRONT_WEIGHT_BIAS = 52.500000
RENDER_MOTION = 0.500000
RIDE_HEIGHT = [ 8.000000, 8.000000 ]
ROLL_CENTER = 12.000000
SHOCK_BLOWOUT = 5.000000
SHOCK_DIGRESSION = [ 0.300000, 0.300000 ]
SHOCK_EXT_STIFFNESS = [ 57.000000, 70.000000 ]
SHOCK_STIFFNESS = [ 50.000000, 60.000000 ]
SHOCK_VALVING = [ 20.000000, 20.000000 ]
SPRING_PROGRESSION = [ 6.000000, 6.750000 ]
SPRING_STIFFNESS = [ 500.000000, 525.000000 ]
SWAYBAR_STIFFNESS = [ 275.000000, 350.000000 ]
TRAVEL = [ 7.000000, 7.000000 ]

[tires]
DYNAMIC_GRIP = [ 1.500000, 1.550000 ]
GRIP_SCALE = [ 1.000000, 1.000000 ]
STATIC_GRIP = [ 1.800000, 1.800000 ]
STEERING = 0.970000
YAW_CONTROL = [ 0.100000, 0.250000, 0.450000, 0.550000 ]
YAW_SPEED = 0.350000

[transmission]
DIFFERENTIAL = [ 0.000000, 0.700000, 0.000000 ]
TORQUE_SPLIT = 0.000000