[pvehicle]
MASS = 1888.000000
TENSOR_SCALE = [ 1.000000, 2.000000, 1.000000, 0.000000 ]

[brakes]
BRAKE_LOCK = [ 1.000000, 3.000000 ]
BRAKES = [ 525.000000, 650.000000 ]
EBRAKE = 850.000000

[chassis]
AERO_CG = 48.000000
AERO_COEFFICIENT = 0.170000
DIVE_SPEED = 1.000000
DRAG_COEFFICIENT = 0.470000
FRONT_AXLE = 1.650000
FRONT_WEIGHT_BIAS = 52.500000
RENDER_MOTION = 0.500000
RIDE_HEIGHT = [ 8.000000, 8.000000 ]
ROLL_CENTER = 12.000000
ROLL_SPEED = 1.000000
SHOCK_BLOWOUT = 5.000000
SHOCK_DIGRESSION = [ 0.300000, 0.300000 ]
SHOCK_EXT_STIFFNESS = [ 57.000000, 70.000000 ]
SHOCK_STIFFNESS = [ 50.000000, 60.000000 ]
SHOCK_VALVING = [ 20.000000, 20.000000 ]
SPRING_PROGRESSION = [ 6.000000, 6.750000 ]
SPRING_STIFFNESS = [ 500.000000, 525.000000 ]
SQUAT_SPEED = 1.000000
SWAYBAR_STIFFNESS = [ 275.000000, 350.000000 ]
TRACK_WIDTH = [ 1.600000, 1.603000 ]
TRAVEL = [ 7.000000, 7.000000 ]
WHEEL_BASE = 3.048000

[engine]
ENGINE_BRAKING = [ 0.700000, 0.800000, 0.900000 ]
FLYWHEEL_MASS = 10.000000
IDLE = 800.000000
MAX_RPM = 7200.000000
RED_LINE = 6200.000000
TORQUE = [ 168.000000, 233.000000, 378.000000, 494.000000, 494.000000, 429.000000, 382.000000, 347.000000, 313.000000 ]

[induction]
HIGH_BOOST = 0.050000
LOW_BOOST = 0.100000
PSI = 14.000000
SPOOL = 0.000000
SPOOL_TIME_DOWN = 0.250000
SPOOL_TIME_UP = 2.000000
VACUUM = 0.000000

[tires]
ASPECT_RATIO = [ 45.000000, 45.000000 ]
DRIFT_COUNTER_STEER_BUILDUP = 2.500000
DRIFT_COUNTER_STEER_REDUCTION = 5.000000
DRIFT_ELLIPSE_RATIO = [ 0.600000, 0.600000, 0.600000, 0.600000, 0.500000, 0.500000, 0.500000, 0.600000, 0.600000, 0.600000 ]
DRIFT_LATERAL_FORCE = 67.500000
DRIFT_MAINTAIN_SPEED_FORCE = 1200.000000
DYNAMIC_GRIP = [ 1.500000, 1.550000 ]
GRIP_SCALE = [ 1.000000, 1.000000 ]
RIM_SIZE = [ 20.000000, 20.000000 ]
SECTION_WIDTH = [ 255.000000, 255.000000 ]
STATIC_GRIP = [ 1.800000, 1.800000 ]
STEERING = 0.970000
YAW_CONTROL = [ 0.100000, 0.250000, 0.450000, 0.550000 ]
YAW_SPEED = 0.350000
DRIFT_ADDITIONAL_YAW_CONTROL = [ 4.750000, 4.250000, 3.750000, 3.500000, 3.250000, 3.500000, 3.750000, 4.000000, 3.750000, 3.250000 ]
DRIFT_YAW_CONTROL = [ 0.200000, 0.250000, 0.450000, 0.500000, 0.550000, 0.650000, 0.750000, 1.000000, 1.250000, 1.500000 ]
STEERING_RANGE = [ 48.150002, 16.049999, 11.770000, 8.560000, 7.490000, 7.490000, 7.490000, 7.490000, 7.490000, 7.490000 ]

[transmission]
CLUTCH_SLIP = 0.800000
DIFFERENTIAL = [ 0.000000, 0.700000, 0.000000 ]
FINAL_GEAR = 4.420000
GEAR_EFFICIENCY = [ 1.000000, 1.000000, 1.000000, 0.950000, 1.000000, 1.000000, 1.000000, 1.000000, 1.000000 ]
GEAR_RATIO = [ 2.400000, 0.000000, 3.590000, 2.190000, 1.410000, 1.050000, 0.850000, 0.720000, 0.000000 ]
OPTIMAL_SHIFT = 500.000000
SHIFT_SPEED = 0.250000
TORQUE_CONVERTER = 0.500000
TORQUE_SPLIT = 0.000000