[pvehicle]
MASS = 1724.000000
TENSOR_SCALE = [ 1.000000, 2.000000, 1.000000, 0.000000 ]

[brakes]
BRAKE_LOCK = [ 1.000000, 3.600000 ]
BRAKES = [ 545.000000, 600.000000 ]
EBRAKE = 700.000000

[chassis]
AERO_CG = 50.000000
AERO_COEFFICIENT = 0.190000
DIVE_SPEED = 1.000000
DRAG_COEFFICIENT = 0.350000
FRONT_AXLE = 1.485000
FRONT_WEIGHT_BIAS = 50.000000
RENDER_MOTION = 0.500000
RIDE_HEIGHT = [ 8.500000, 8.500000 ]
ROLL_CENTER = 11.450000
ROLL_SPEED = 1.000000
SHOCK_BLOWOUT = 7.000000
SHOCK_DIGRESSION = [ 0.400000, 0.400000 ]
SHOCK_EXT_STIFFNESS = [ 66.000000, 72.000000 ]
SHOCK_STIFFNESS = [ 57.000000, 60.000000 ]
SHOCK_VALVING = [ 17.000000, 17.000000 ]
SPRING_PROGRESSION = [ 6.000000, 7.000000 ]
SPRING_STIFFNESS = [ 556.000000, 700.000000 ]
SQUAT_SPEED = 1.000000
SWAYBAR_STIFFNESS = [ 300.000000, 300.000000 ]
TRACK_WIDTH = [ 1.518000, 1.491000 ]
TRAVEL = [ 7.500000, 7.500000 ]
WHEEL_BASE = 2.870000

[engine]
ENGINE_BRAKING = [ 0.800000, 0.850000, 0.900000 ]
FLYWHEEL_MASS = 10.000000
IDLE = 800.000000
MAX_RPM = 7000.000000
RED_LINE = 6000.000000
TORQUE = [ 228.000000, 358.000000, 611.000000, 716.000000, 663.000000, 580.000000, 507.000000, 449.000000, 403.000000 ]

[induction]
HIGH_BOOST = 0.175000
LOW_BOOST = 0.200000
PSI = 13.000000
SPOOL = 0.000000
SPOOL_TIME_DOWN = 1.500000
SPOOL_TIME_UP = 1.500000
VACUUM = 0.000000

[tires]
ASPECT_RATIO = [ 60.000000, 60.000000 ]
DRIFT_COUNTER_STEER_BUILDUP = 1.900000
DRIFT_COUNTER_STEER_REDUCTION = 5.500000
DRIFT_ELLIPSE_RATIO = [ 0.600000, 0.600000, 0.600000, 0.600000, 0.500000, 0.500000, 0.500000, 0.600000, 0.600000, 0.600000 ]
DRIFT_LATERAL_FORCE = 65.000000
DRIFT_MAINTAIN_SPEED_FORCE = 1200.000000
DYNAMIC_GRIP = [ 1.550000, 1.550000 ]
GRIP_SCALE = [ 1.000000, 1.000000 ]
RIM_SIZE = [ 15.000000, 15.000000 ]
SECTION_WIDTH = [ 245.000000, 245.000000 ]
STATIC_GRIP = [ 1.800000, 1.800000 ]
STEERING = 1.000000
YAW_CONTROL = [ 0.025000, 0.050000, 0.075000, 0.100000 ]
YAW_SPEED = 0.300000
DRIFT_ADDITIONAL_YAW_CONTROL = [ 4.750000, 4.500000, 4.250000, 4.000000, 4.250000, 4.500000, 4.750000, 4.500000, 4.000000, 3.500000 ]
DRIFT_YAW_CONTROL = [ 0.300000, 0.450000, 0.550000, 0.650000, 0.800000, 0.950000, 1.000000, 1.000000, 1.000000, 1.000000 ]
STEERING_RANGE = [ 49.500000, 16.500000, 12.100000, 8.800000, 7.700000, 7.700000, 7.700000, 7.700000, 7.700000, 7.700000 ]

[transmission]
CLUTCH_SLIP = 0.800000
DIFFERENTIAL = [ 0.000000, 0.450000, 0.000000 ]
FINAL_GEAR = 3.600000
GEAR_EFFICIENCY = [ 1.000000, 1.000000, 1.000000, 1.000000, 1.000000, 1.000000, 1.000000, 1.000000, 1.000000 ]
GEAR_RATIO = [ 2.600000, 0.000000, 3.750000, 1.990000, 1.420000, 1.100000, 0.890000, 0.730000, 0.000000 ]
OPTIMAL_SHIFT = 500.000000
SHIFT_SPEED = 0.250000
TORQUE_CONVERTER = 0.100000
TORQUE_SPLIT = 0.000000