[brakes]
BRAKE_LOCK = [ 1.000000, 3.300000 ]
BRAKES = [ 450.000000, 650.000000 ]
EBRAKE = 850.000000

[chassis]
AERO_CG = 46.750000
AERO_COEFFICIENT = 0.260000
DRAG_COEFFICIENT = 0.390000
FRONT_AXLE = 1.270000
FRONT_WEIGHT_BIAS = 53.400002
RENDER_MOTION = 0.500000
RIDE_HEIGHT = [ 6.500000, 6.500000 ]
ROLL_CENTER = 9.000000
SHOCK_BLOWOUT = 5.000000
SHOCK_DIGRESSION = [ 0.200000, 0.200000 ]
SHOCK_EXT_STIFFNESS = [ 80.000000, 80.000000 ]
SHOCK_STIFFNESS = [ 60.000000, 60.000000 ]
SHOCK_VALVING = [ 20.000000, 20.000000 ]
SPRING_PROGRESSION = [ 7.000000, 7.750000 ]
SPRING_STIFFNESS = [ 600.000000, 650.000000 ]
SWAYBAR_STIFFNESS = [ 400.000000, 400.000000 ]
TRACK_WIDTH = [ 1.490000, 1.485000 ]
TRAVEL = [ 6.000000, 6.000000 ]
WHEEL_BASE = 2.510000

[tires]
DYNAMIC_GRIP = [ 1.900000, 1.900000 ]
GRIP_SCALE = [ 1.060000, 1.100000 ]
SECTION_WIDTH = [ 225.000000, 225.000000 ]
STATIC_GRIP = [ 2.150000, 2.200000 ]
STEERING = 1.000000
YAW_CONTROL = [ 0.100000, 0.600000, 1.000000, 1.200000 ]
YAW_SPEED = 0.400000

[transmission]
DIFFERENTIAL = [ 0.700000, 0.750000, 0.750000 ]
TORQUE_SPLIT = 0.500000