[brakes]
BRAKE_LOCK = [ 1.000000, 3.250000 ]
BRAKES = [ 450.000000, 550.000000 ]
EBRAKE = 700.000000

[chassis]
AERO_CG = 47.000000
AERO_COEFFICIENT = 0.220000
DRAG_COEFFICIENT = 0.320000
FRONT_WEIGHT_BIAS = 53.500000
RENDER_MOTION = 0.500000
RIDE_HEIGHT = [ 7.000000, 7.000000 ]
ROLL_CENTER = 9.250000
SHOCK_BLOWOUT = 6.000000
SHOCK_DIGRESSION = [ 0.200000, 0.200000 ]
SHOCK_EXT_STIFFNESS = [ 70.000000, 60.000000 ]
SHOCK_STIFFNESS = [ 60.000000, 50.000000 ]
SHOCK_VALVING = [ 24.000000, 24.000000 ]
SPRING_PROGRESSION = [ 7.000000, 6.500000 ]
SPRING_STIFFNESS = [ 650.000000, 500.000000 ]
SWAYBAR_STIFFNESS = [ 300.000000, 225.000000 ]
TRAVEL = [ 7.500000, 7.000000 ]

[tires]
DYNAMIC_GRIP = [ 1.800000, 1.900000 ]
GRIP_SCALE = [ 1.000000, 1.000000 ]
STATIC_GRIP = [ 2.000000, 2.100000 ]
STEERING = 1.000000
YAW_CONTROL = [ 0.100000, 0.600000, 0.800000, 1.000000 ]
YAW_SPEED = 0.300000

[transmission]
DIFFERENTIAL = [ 0.700000, 0.700000, 0.000000 ]
TORQUE_SPLIT = 1.000000

[pvehicle]
TENSOR_SCALE = [ 1.000000, 2.000000, 1.000000 ]