[brakes]
BRAKE_LOCK = [ 1.000000, 3.600000 ]
BRAKES = [ 450.000000, 675.000000 ]
EBRAKE = 875.000000

[chassis]
AERO_CG = 49.000000
AERO_COEFFICIENT = 0.280000
DRAG_COEFFICIENT = 0.400000
FRONT_WEIGHT_BIAS = 53.650002
RENDER_MOTION = 0.500000
RIDE_HEIGHT = [ 6.000000, 6.000000 ]
ROLL_CENTER = 8.700000
SHOCK_BLOWOUT = 6.000000
SHOCK_DIGRESSION = [ 0.100000, 0.100000 ]
SHOCK_EXT_STIFFNESS = [ 75.000000, 75.000000 ]
SHOCK_STIFFNESS = [ 65.000000, 65.000000 ]
SHOCK_VALVING = [ 24.000000, 24.000000 ]
SPRING_PROGRESSION = [ 8.000000, 8.000000 ]
SPRING_STIFFNESS = [ 750.000000, 750.000000 ]
SWAYBAR_STIFFNESS = [ 285.000000, 300.000000 ]
TRAVEL = [ 6.000000, 6.000000 ]

[tires]
DYNAMIC_GRIP = [ 1.900000, 1.900000 ]
GRIP_SCALE = [ 1.150000, 1.150000 ]
STATIC_GRIP = [ 2.200000, 2.200000 ]
STEERING = 1.000000
YAW_CONTROL = [ 0.100000, 0.500000, 1.000000, 1.300000 ]
YAW_SPEED = 0.425000

[transmission]
DIFFERENTIAL = [ 0.650000, 0.650000, 0.800000 ]
TORQUE_SPLIT = 0.475000

[pvehicle]
TENSOR_SCALE = [ 1.000000, 2.000000, 1.000000 ]