[pvehicle]
MASS = 1238.000000
TENSOR_SCALE = [ 1.000000, 2.000000, 1.000000, 0.000000 ]

[brakes]
BRAKE_LOCK = [ 1.000000, 3.200000 ]
BRAKES = [ 450.000000, 570.000000 ]
EBRAKE = 900.000000

[chassis]
AERO_CG = 46.000000
AERO_COEFFICIENT = 0.200000
DIVE_SPEED = 1.000000
DRAG_COEFFICIENT = 0.392500
FRONT_AXLE = 1.350000
FRONT_WEIGHT_BIAS = 54.500000
RENDER_MOTION = 0.500000
RIDE_HEIGHT = [ 8.000000, 8.000000 ]
ROLL_CENTER = 10.000000
ROLL_SPEED = 1.000000
SHOCK_BLOWOUT = 6.000000
SHOCK_DIGRESSION = [ 0.250000, 0.250000 ]
SHOCK_EXT_STIFFNESS = [ 50.000000, 55.000000 ]
SHOCK_STIFFNESS = [ 60.000000, 52.000000 ]
SHOCK_VALVING = [ 17.000000, 17.000000 ]
SPRING_PROGRESSION = [ 7.500000, 6.000000 ]
SPRING_STIFFNESS = [ 625.000000, 500.000000 ]
SQUAT_SPEED = 1.000000
SWAYBAR_STIFFNESS = [ 250.000000, 250.000000 ]
TRACK_WIDTH = [ 1.535000, 1.525000 ]
TRAVEL = [ 7.000000, 7.000000 ]
WHEEL_BASE = 2.640000

[engine]
ENGINE_BRAKING = [ 0.700000, 0.800000, 0.900000 ]
FLYWHEEL_MASS = 12.500000
IDLE = 800.000000
MAX_RPM = 7700.000000
RED_LINE = 6700.000000
TORQUE = [ 94.000000, 130.000000, 194.000000, 238.000000, 216.000000, 196.000000, 177.000000, 161.000000, 152.000000 ]

[induction]
HIGH_BOOST = 0.100000
LOW_BOOST = 0.100000
PSI = 12.000000
SPOOL = 0.200000
SPOOL_TIME_DOWN = 0.250000
SPOOL_TIME_UP = 1.700000
VACUUM = -0.050000

[tires]
ASPECT_RATIO = [ 45.000000, 45.000000 ]
DRIFT_COUNTER_STEER_BUILDUP = 1.650000
DRIFT_COUNTER_STEER_REDUCTION = 3.000000
DRIFT_ELLIPSE_RATIO = [ 0.600000, 0.600000, 0.600000, 0.500000, 0.500000, 0.450000, 0.500000, 0.550000, 0.600000, 0.600000 ]
DRIFT_LATERAL_FORCE = 55.000000
DRIFT_MAINTAIN_SPEED_FORCE = 2300.000000
DYNAMIC_GRIP = [ 1.700000, 1.820000 ]
GRIP_SCALE = [ 1.020000, 1.050000 ]
RIM_SIZE = [ 18.000000, 18.000000 ]
SECTION_WIDTH = [ 215.000000, 215.000000 ]
STATIC_GRIP = [ 1.900000, 2.000000 ]
STEERING = 1.000000
YAW_CONTROL = [ 0.100000, 0.600000, 0.700000, 0.800000 ]
YAW_SPEED = 0.325000
DRIFT_ADDITIONAL_YAW_CONTROL = [ 5.500000, 5.000000, 5.000000, 5.000000, 5.000000, 5.000000, 5.000000, 5.000000, 4.500000, 4.000000 ]
DRIFT_YAW_CONTROL = [ 0.150000, 0.250000, 0.450000, 0.550000, 0.650000, 0.850000, 1.000000, 1.500000, 1.500000, 1.500000 ]
STEERING_RANGE = [ 45.000000, 15.000000, 11.000000, 8.000000, 7.000000, 7.000000, 7.000000, 7.000000, 7.000000, 7.000000 ]

[transmission]
CLUTCH_SLIP = 0.800000
DIFFERENTIAL = [ 0.750000, 0.000000, 0.000000 ]
FINAL_GEAR = 4.400000
GEAR_EFFICIENCY = [ 1.000000, 1.000000, 0.950000, 0.900000, 0.900000, 1.000000, 1.000000, 1.000000, 1.000000 ]
GEAR_RATIO = [ 2.700000, 0.000000, 3.800000, 2.170000, 1.535000, 1.171000, 0.922000, 0.725000, 0.000000 ]
OPTIMAL_SHIFT = 500.000000
SHIFT_SPEED = 0.250000
TORQUE_CONVERTER = 0.450000
TORQUE_SPLIT = 1.000000