[pvehicle]
TENSOR_SCALE = [ 1.000000, 2.000000, 1.000000 ]

[brakes]
BRAKE_LOCK = [ 1.000000, 3.200000 ]
BRAKES = [ 450.000000, 570.000000 ]
EBRAKE = 900.000000

[chassis]
AERO_CG = 46.000000
AERO_COEFFICIENT = 0.200000
DRAG_COEFFICIENT = 0.392500
FRONT_WEIGHT_BIAS = 54.500000
RENDER_MOTION = 0.500000
RIDE_HEIGHT = [ 8.000000, 8.000000 ]
ROLL_CENTER = 10.000000
SHOCK_BLOWOUT = 6.000000
SHOCK_DIGRESSION = [ 0.250000, 0.250000 ]
SHOCK_EXT_STIFFNESS = [ 50.000000, 55.000000 ]
SHOCK_STIFFNESS = [ 60.000000, 52.000000 ]
SHOCK_VALVING = [ 17.000000, 17.000000 ]
SPRING_PROGRESSION = [ 7.500000, 6.000000 ]
SPRING_STIFFNESS = [ 625.000000, 500.000000 ]
SWAYBAR_STIFFNESS = [ 250.000000, 250.000000 ]
TRAVEL = [ 7.000000, 7.000000 ]

[tires]
DYNAMIC_GRIP = [ 1.700000, 1.820000 ]
GRIP_SCALE = [ 1.020000, 1.050000 ]
STATIC_GRIP = [ 1.900000, 2.000000 ]
STEERING = 1.000000
YAW_CONTROL = [ 0.100000, 0.600000, 0.700000, 0.800000 ]
YAW_SPEED = 0.325000

[transmission]
DIFFERENTIAL = [ 0.750000, 0.000000, 0.000000 ]
TORQUE_SPLIT = 1.000000