[brakes]
BRAKE_LOCK = [ 1.000000, 3.400000 ]
BRAKES = [ 550.000000, 700.000000 ]
EBRAKE = 900.000000

[chassis]
AERO_CG = 49.299999
AERO_COEFFICIENT = 0.270000
DRAG_COEFFICIENT = 0.450000
FRONT_AXLE = 1.426000
FRONT_WEIGHT_BIAS = 54.000000
RENDER_MOTION = 0.500000
RIDE_HEIGHT = [ 7.000000, 7.000000 ]
ROLL_CENTER = 8.500000
SHOCK_BLOWOUT = 6.000000
SHOCK_DIGRESSION = [ 0.100000, 0.100000 ]
SHOCK_EXT_STIFFNESS = [ 65.000000, 65.000000 ]
SHOCK_STIFFNESS = [ 60.000000, 60.000000 ]
SHOCK_VALVING = [ 24.000000, 24.000000 ]
SPRING_PROGRESSION = [ 9.000000, 9.500000 ]
SPRING_STIFFNESS = [ 600.000000, 675.000000 ]
SWAYBAR_STIFFNESS = [ 300.000000, 300.000000 ]
TRACK_WIDTH = [ 1.638000, 1.569000 ]
TRAVEL = [ 6.500000, 6.500000 ]
WHEEL_BASE = 2.740000

[tires]
DYNAMIC_GRIP = [ 1.900000, 1.900000 ]
GRIP_SCALE = [ 1.200000, 1.200000 ]
SECTION_WIDTH = [ 295.000000, 295.000000 ]
STATIC_GRIP = [ 2.200000, 2.200000 ]
STEERING = 1.150000
YAW_CONTROL = [ 0.100000, 0.500000, 0.700000, 1.200000 ]
YAW_SPEED = 0.470000

[transmission]
DIFFERENTIAL = [ 0.800000, 0.800000, 0.000000 ]
TORQUE_SPLIT = 0.000000