[brakes]
BRAKE_LOCK = [ 1.000000, 3.500000 ]
BRAKES = [ 550.000000, 700.000000 ]
EBRAKE = 700.000000

[chassis]
AERO_CG = 47.700001
AERO_COEFFICIENT = 0.270000
DRAG_COEFFICIENT = 0.390000
FRONT_WEIGHT_BIAS = 54.000000
RENDER_MOTION = 0.500000
RIDE_HEIGHT = [ 8.000000, 8.000000 ]
ROLL_CENTER = 9.450000
SHOCK_BLOWOUT = 6.000000
SHOCK_DIGRESSION = [ 0.400000, 0.400000 ]
SHOCK_EXT_STIFFNESS = [ 75.000000, 60.000000 ]
SHOCK_STIFFNESS = [ 60.000000, 60.000000 ]
SHOCK_VALVING = [ 20.000000, 20.000000 ]
SPRING_PROGRESSION = [ 6.000000, 6.000000 ]
SPRING_STIFFNESS = [ 600.000000, 600.000000 ]
SWAYBAR_STIFFNESS = [ 250.000000, 200.000000 ]
TRAVEL = [ 7.000000, 7.000000 ]

[tires]
DYNAMIC_GRIP = [ 1.900000, 1.950000 ]
GRIP_SCALE = [ 1.050000, 1.075000 ]
STATIC_GRIP = [ 2.100000, 2.200000 ]
STEERING = 1.000000
YAW_CONTROL = [ 0.100000, 0.450000, 0.650000, 1.000000 ]
YAW_SPEED = 0.700000

[transmission]
DIFFERENTIAL = [ 0.750000, 0.750000, 0.700000 ]
TORQUE_SPLIT = 0.500000

[pvehicle]
TENSOR_SCALE = [ 1.000000, 3.000000, 1.000000 ]