[pvehicle]
TENSOR_SCALE = [ 1.000000, 2.000000, 1.000000 ]

[brakes]
BRAKE_LOCK = [ 1.000000, 3.300000 ]
BRAKES = [ 585.000000, 675.000000 ]
EBRAKE = 975.000000

[chassis]
AERO_CG = 48.299999
AERO_COEFFICIENT = 0.290000
DRAG_COEFFICIENT = 0.400000
FRONT_WEIGHT_BIAS = 53.750000
RENDER_MOTION = 1.000000
RIDE_HEIGHT = [ 6.750000, 6.750000 ]
ROLL_CENTER = 8.500000
SHOCK_BLOWOUT = 6.000000
SHOCK_DIGRESSION = [ 0.450000, 0.450000 ]
SHOCK_EXT_STIFFNESS = [ 90.000000, 90.000000 ]
SHOCK_STIFFNESS = [ 75.000000, 69.000000 ]
SHOCK_VALVING = [ 19.000000, 19.000000 ]
SPRING_PROGRESSION = [ 8.500000, 8.000000 ]
SPRING_STIFFNESS = [ 800.000000, 775.000000 ]
SWAYBAR_STIFFNESS = [ 375.000000, 300.000000 ]
TRAVEL = [ 6.000000, 6.000000 ]

[tires]
DYNAMIC_GRIP = [ 2.200000, 2.200000 ]
GRIP_SCALE = [ 1.200000, 1.200000 ]
STATIC_GRIP = [ 2.300000, 2.400000 ]
STEERING = 1.100000
YAW_CONTROL = [ 0.200000, 0.750000, 0.850000, 1.000000 ]
YAW_SPEED = 0.325000

[transmission]
DIFFERENTIAL = [ 0.850000, 0.850000, 0.850000 ]
TORQUE_SPLIT = 0.500000