[pvehicle]
MASS = 1456.900024
TENSOR_SCALE = [ 1.000000, 2.000000, 1.000000, 0.000000 ]

[brakes]
BRAKE_LOCK = [ 1.000000, 3.500000 ]
BRAKES = [ 475.000000, 650.000000 ]
EBRAKE = 900.000000

[chassis]
AERO_CG = 46.000000
AERO_COEFFICIENT = 0.260000
DIVE_SPEED = 1.000000
DRAG_COEFFICIENT = 0.440000
FRONT_AXLE = 1.405000
FRONT_WEIGHT_BIAS = 53.000000
RENDER_MOTION = 1.000000
RIDE_HEIGHT = [ 7.750000, 7.750000 ]
ROLL_CENTER = 8.500000
ROLL_SPEED = 1.000000
SHOCK_BLOWOUT = 6.000000
SHOCK_DIGRESSION = [ 0.250000, 0.250000 ]
SHOCK_EXT_STIFFNESS = [ 75.000000, 77.000000 ]
SHOCK_STIFFNESS = [ 70.000000, 67.000000 ]
SHOCK_VALVING = [ 20.000000, 20.000000 ]
SPRING_PROGRESSION = [ 8.000000, 8.000000 ]
SPRING_STIFFNESS = [ 725.000000, 700.000000 ]
SQUAT_SPEED = 1.000000
SWAYBAR_STIFFNESS = [ 275.000000, 275.000000 ]
TRACK_WIDTH = [ 1.536000, 1.500000 ]
TRAVEL = [ 7.000000, 7.000000 ]
WHEEL_BASE = 2.660000

[engine]
ENGINE_BRAKING = [ 0.700000, 0.800000, 0.900000 ]
FLYWHEEL_MASS = 11.500000
IDLE = 800.000000
MAX_RPM = 8000.000000
RED_LINE = 7000.000000
TORQUE = [ 104.000000, 163.000000, 234.000000, 325.000000, 356.000000, 319.000000, 280.000000, 247.000000, 228.000000 ]

[induction]
HIGH_BOOST = 0.200000
LOW_BOOST = 0.200000
PSI = 11.000000
SPOOL = 0.250000
SPOOL_TIME_DOWN = 0.250000
SPOOL_TIME_UP = 1.500000
VACUUM = -0.150000

[tires]
ASPECT_RATIO = [ 35.000000, 35.000000 ]
DRIFT_COUNTER_STEER_BUILDUP = 1.650000
DRIFT_COUNTER_STEER_REDUCTION = 3.000000
DRIFT_ELLIPSE_RATIO = [ 0.600000, 0.600000, 0.600000, 0.500000, 0.500000, 0.450000, 0.500000, 0.550000, 0.600000, 0.600000 ]
DRIFT_LATERAL_FORCE = 60.000000
DRIFT_MAINTAIN_SPEED_FORCE = 2300.000000
DYNAMIC_GRIP = [ 1.800000, 2.000000 ]
GRIP_SCALE = [ 1.100000, 1.200000 ]
RIM_SIZE = [ 19.000000, 19.000000 ]
SECTION_WIDTH = [ 265.000000, 265.000000 ]
STATIC_GRIP = [ 2.000000, 2.200000 ]
STEERING = 1.100000
YAW_CONTROL = [ 0.250000, 0.600000, 1.000000, 1.200000 ]
YAW_SPEED = 0.300000
DRIFT_ADDITIONAL_YAW_CONTROL = [ 5.500000, 5.000000, 5.000000, 5.000000, 5.000000, 5.000000, 5.000000, 5.000000, 4.500000, 4.000000 ]
DRIFT_YAW_CONTROL = [ 0.500000, 0.600000, 0.700000, 1.000000, 1.100000, 1.250000, 1.500000, 1.500000, 1.500000, 1.500000 ]
STEERING_RANGE = [ 45.000000, 15.000000, 11.000000, 8.000000, 7.000000, 7.000000, 7.000000, 7.000000, 7.000000, 7.000000 ]

[transmission]
CLUTCH_SLIP = 0.800000
DIFFERENTIAL = [ 0.000000, 0.800000, 0.000000 ]
FINAL_GEAR = 3.470000
GEAR_EFFICIENCY = [ 1.000000, 1.000000, 1.000000, 1.000000, 1.000000, 1.000000, 1.000000, 1.000000, 1.000000 ]
GEAR_RATIO = [ 3.000000, 0.000000, 3.500000, 2.250000, 1.620000, 1.260000, 1.025000, 0.850000, 0.000000 ]
OPTIMAL_SHIFT = 500.000000
SHIFT_SPEED = 0.250000
TORQUE_CONVERTER = 0.300000
TORQUE_SPLIT = 0.000000