[pvehicle]
MASS = 1280.000000
TENSOR_SCALE = [ 1.000000, 2.000000, 1.000000, 0.000000 ]

[brakes]
BRAKE_LOCK = [ 1.000000, 3.000000 ]
BRAKES = [ 450.000000, 500.000000 ]
EBRAKE = 950.000000

[chassis]
AERO_CG = 46.000000
AERO_COEFFICIENT = 0.285000
DIVE_SPEED = 1.000000
DRAG_COEFFICIENT = 0.285000
FRONT_AXLE = 1.220000
FRONT_WEIGHT_BIAS = 55.000000
RENDER_MOTION = 1.000000
RIDE_HEIGHT = [ 7.000000, 7.000000 ]
ROLL_CENTER = 9.000000
ROLL_SPEED = 1.000000
SHOCK_BLOWOUT = 6.000000
SHOCK_DIGRESSION = [ 0.100000, 0.100000 ]
SHOCK_EXT_STIFFNESS = [ 85.000000, 85.000000 ]
SHOCK_STIFFNESS = [ 80.000000, 85.000000 ]
SHOCK_VALVING = [ 17.000000, 17.000000 ]
SPRING_PROGRESSION = [ 8.000000, 8.500000 ]
SPRING_STIFFNESS = [ 800.000000, 820.000000 ]
SQUAT_SPEED = 1.000000
SWAYBAR_STIFFNESS = [ 400.000000, 375.000000 ]
TRACK_WIDTH = [ 1.750000, 1.800000 ]
TRAVEL = [ 6.500000, 6.500000 ]
WHEEL_BASE = 2.730000

[engine]
ENGINE_BRAKING = [ 0.800000, 0.850000, 0.900000 ]
FLYWHEEL_MASS = 11.000000
IDLE = 800.000000
MAX_RPM = 8000.000000
RED_LINE = 7000.000000
TORQUE = [ 128.000000, 165.000000, 263.000000, 368.000000, 415.000000, 390.000000, 347.000000, 308.000000, 278.000000 ]

[induction]
HIGH_BOOST = 0.150000
LOW_BOOST = 0.150000
PSI = 15.000000
SPOOL = 0.200000
SPOOL_TIME_DOWN = 0.250000
SPOOL_TIME_UP = 1.000000
VACUUM = -0.050000

[tires]
ASPECT_RATIO = [ 30.000000, 30.000000 ]
DRIFT_COUNTER_STEER_BUILDUP = 1.800000
DRIFT_COUNTER_STEER_REDUCTION = 5.000000
DRIFT_ELLIPSE_RATIO = [ 0.500000, 0.500000, 0.500000, 0.400000, 0.400000, 0.450000, 0.450000, 0.500000, 0.500000, 0.500000 ]
DRIFT_LATERAL_FORCE = 50.000000
DRIFT_MAINTAIN_SPEED_FORCE = 1100.000000
DYNAMIC_GRIP = [ 1.780000, 2.100000 ]
GRIP_SCALE = [ 1.020000, 1.050000 ]
RIM_SIZE = [ 20.000000, 20.000000 ]
SECTION_WIDTH = [ 335.000000, 335.000000 ]
STATIC_GRIP = [ 2.000000, 2.300000 ]
STEERING = 0.900000
YAW_CONTROL = [ 0.300000, 0.500000, 0.850000, 1.050000 ]
YAW_SPEED = 0.300000
DRIFT_ADDITIONAL_YAW_CONTROL = [ 5.500000, 5.000000, 4.500000, 4.500000, 4.500000, 4.500000, 4.500000, 4.500000, 4.000000, 3.500000 ]
DRIFT_YAW_CONTROL = [ 0.200000, 0.300000, 0.450000, 0.550000, 0.650000, 0.850000, 1.000000, 1.250000, 1.500000, 0.000000 ]
STEERING_RANGE = [ 40.500000, 13.500000, 9.900000, 7.200000, 6.300000, 6.300000, 6.300000, 6.300000, 6.300000, 6.300000 ]

[transmission]
CLUTCH_SLIP = 0.800000
DIFFERENTIAL = [ 0.000000, 0.750000, 0.000000 ]
FINAL_GEAR = 4.050000
GEAR_EFFICIENCY = [ 1.000000, 1.000000, 1.000000, 1.000000, 1.000000, 1.000000, 1.000000, 1.000000, 1.000000 ]
GEAR_RATIO = [ 2.190000, 0.000000, 2.750000, 1.773000, 1.267000, 1.000000, 0.833000, 0.710000, 0.000000 ]
OPTIMAL_SHIFT = 500.000000
SHIFT_SPEED = 0.250000
TORQUE_CONVERTER = 0.200000
TORQUE_SPLIT = 0.000000