[brakes]
BRAKE_LOCK = [ 1.000000, 3.400000 ]
BRAKES = [ 425.000000, 650.000000 ]
EBRAKE = 700.000000

[chassis]
AERO_CG = 51.299999
AERO_COEFFICIENT = 0.260000
DRAG_COEFFICIENT = 0.350000
FRONT_AXLE = 1.300000
FRONT_WEIGHT_BIAS = 53.900002
RENDER_MOTION = 0.500000
RIDE_HEIGHT = [ 7.100000, 7.100000 ]
ROLL_CENTER = 8.250000
SHOCK_BLOWOUT = 6.000000
SHOCK_DIGRESSION = [ 0.600000, 0.600000 ]
SHOCK_EXT_STIFFNESS = [ 90.000000, 90.000000 ]
SHOCK_STIFFNESS = [ 85.000000, 85.000000 ]
SHOCK_VALVING = [ 24.000000, 24.000000 ]
SPRING_PROGRESSION = [ 8.000000, 8.000000 ]
SPRING_STIFFNESS = [ 510.000000, 520.000000 ]
SWAYBAR_STIFFNESS = [ 400.000000, 300.000000 ]
TRACK_WIDTH = [ 1.534000, 1.544000 ]
TRAVEL = [ 6.000000, 6.000000 ]
WHEEL_BASE = 2.550000

[tires]
DYNAMIC_GRIP = [ 1.900000, 1.950000 ]
GRIP_SCALE = [ 1.100000, 1.100000 ]
SECTION_WIDTH = [ 345.000000, 345.000000 ]
STATIC_GRIP = [ 2.100000, 2.150000 ]
STEERING = 1.115000
YAW_CONTROL = [ 0.000000, 0.100000, 0.200000, 0.300000 ]
YAW_SPEED = 0.500000

[transmission]
DIFFERENTIAL = [ 0.750000, 0.750000, 0.000000 ]
TORQUE_SPLIT = 0.000000