[pvehicle]
TENSOR_SCALE = [ 1.000000, 2.000000, 1.000000 ]

[brakes]
BRAKE_LOCK = [ 1.000000, 3.500000 ]
BRAKES = [ 555.000000, 650.000000 ]
EBRAKE = 750.000000

[chassis]
AERO_CG = 50.000000
AERO_COEFFICIENT = 0.190000
DRAG_COEFFICIENT = 0.400000
FRONT_WEIGHT_BIAS = 50.000000
RENDER_MOTION = 0.700000
RIDE_HEIGHT = [ 8.000000, 8.000000 ]
ROLL_CENTER = 12.000000
SHOCK_BLOWOUT = 6.000000
SHOCK_DIGRESSION = [ 0.500000, 0.500000 ]
SHOCK_EXT_STIFFNESS = [ 70.000000, 85.000000 ]
SHOCK_STIFFNESS = [ 65.000000, 70.000000 ]
SHOCK_VALVING = [ 18.000000, 18.000000 ]
SPRING_PROGRESSION = [ 7.500000, 8.000000 ]
SPRING_STIFFNESS = [ 710.000000, 650.000000 ]
SWAYBAR_STIFFNESS = [ 275.000000, 295.000000 ]
TRAVEL = [ 7.500000, 7.500000 ]

[tires]
DYNAMIC_GRIP = [ 1.600000, 1.600000 ]
GRIP_SCALE = [ 1.000000, 1.000000 ]
STATIC_GRIP = [ 1.800000, 1.900000 ]
STEERING = 1.000000
YAW_CONTROL = [ 0.200000, 0.300000, 0.400000, 0.500000 ]
YAW_SPEED = 0.300000

[transmission]
DIFFERENTIAL = [ 0.000000, 0.450000, 0.000000 ]
TORQUE_SPLIT = 0.000000