[pvehicle]
MASS = 1560.000000
TENSOR_SCALE = [ 1.000000, 2.000000, 1.000000, 0.000000 ]

[brakes]
BRAKE_LOCK = [ 1.000000, 3.200000 ]
BRAKES = [ 300.000000, 550.000000 ]
EBRAKE = 550.000000

[chassis]
AERO_CG = 49.000000
AERO_COEFFICIENT = 0.200000
DIVE_SPEED = 1.000000
DRAG_COEFFICIENT = 0.300000
FRONT_AXLE = 1.700000
FRONT_WEIGHT_BIAS = 51.000000
RENDER_MOTION = 1.000000
RIDE_HEIGHT = [ 7.000000, 7.000000 ]
ROLL_CENTER = 12.000000
ROLL_SPEED = 1.000000
SHOCK_BLOWOUT = 7.000000
SHOCK_DIGRESSION = [ 0.650000, 0.650000 ]
SHOCK_EXT_STIFFNESS = [ 60.000000, 65.000000 ]
SHOCK_STIFFNESS = [ 50.000000, 55.000000 ]
SHOCK_VALVING = [ 12.000000, 12.000000 ]
SPRING_PROGRESSION = [ 6.000000, 7.000000 ]
SPRING_STIFFNESS = [ 300.000000, 450.000000 ]
SQUAT_SPEED = 1.000000
SWAYBAR_STIFFNESS = [ 275.000000, 300.000000 ]
TRACK_WIDTH = [ 1.526000, 1.574000 ]
TRAVEL = [ 6.900000, 6.900000 ]
WHEEL_BASE = 2.946000

[engine]
ENGINE_BRAKING = [ 0.700000, 0.800000, 0.900000 ]
FLYWHEEL_MASS = 12.000000
IDLE = 800.000000
MAX_RPM = 7500.000000
RED_LINE = 6500.000000
TORQUE = [ 188.000000, 284.000000, 440.000000, 496.000000, 459.000000, 405.000000, 360.000000, 329.000000, 306.000000 ]

[induction]
HIGH_BOOST = 0.150000
LOW_BOOST = 0.150000
PSI = 12.000000
SPOOL = 0.000000
SPOOL_TIME_DOWN = 1.500000
SPOOL_TIME_UP = 2.500000
VACUUM = 0.000000

[tires]
ASPECT_RATIO = [ 60.000000, 60.000000 ]
DRIFT_COUNTER_STEER_BUILDUP = 1.900000
DRIFT_COUNTER_STEER_REDUCTION = 5.500000
DRIFT_ELLIPSE_RATIO = [ 0.600000, 0.600000, 0.600000, 0.600000, 0.500000, 0.500000, 0.500000, 0.600000, 0.600000, 0.600000 ]
DRIFT_LATERAL_FORCE = 62.500000
DRIFT_MAINTAIN_SPEED_FORCE = 1200.000000
DYNAMIC_GRIP = [ 1.275000, 1.275000 ]
GRIP_SCALE = [ 1.000000, 1.000000 ]
RIM_SIZE = [ 15.000000, 15.000000 ]
SECTION_WIDTH = [ 245.000000, 245.000000 ]
STATIC_GRIP = [ 1.500000, 1.500000 ]
STEERING = 1.050000
YAW_CONTROL = [ 0.100000, 0.200000, 0.300000, 0.350000 ]
YAW_SPEED = 0.300000
DRIFT_ADDITIONAL_YAW_CONTROL = [ 4.750000, 4.500000, 4.250000, 4.000000, 4.250000, 4.500000, 4.750000, 4.500000, 4.000000, 3.500000 ]
DRIFT_YAW_CONTROL = [ 0.250000, 0.320000, 0.450000, 0.550000, 0.650000, 0.750000, 1.000000, 1.000000, 1.000000, 1.000000 ]
STEERING_RANGE = [ 48.375000, 16.125000, 11.825000, 8.600000, 7.525000, 7.525000, 7.525000, 7.525000, 7.525000, 7.525000 ]

[transmission]
CLUTCH_SLIP = 0.700000
DIFFERENTIAL = [ 0.000000, 0.450000, 0.000000 ]
FINAL_GEAR = 4.350000
GEAR_EFFICIENCY = [ 1.000000, 1.000000, 1.000000, 1.000000, 1.000000, 1.000000, 1.000000, 1.000000, 1.000000 ]
GEAR_RATIO = [ 2.600000, 0.000000, 3.750000, 2.000000, 1.250000, 0.900000, 0.700000, 0.000000, 0.000000 ]
OPTIMAL_SHIFT = 500.000000
SHIFT_SPEED = 0.250000
TORQUE_CONVERTER = 0.300000
TORQUE_SPLIT = 0.000000