[brakes]
BRAKE_LOCK = [ 1.000000, 3.500000 ]
BRAKES = [ 390.000000, 475.000000 ]
EBRAKE = 750.000000

[chassis]
AERO_CG = 47.000000
AERO_COEFFICIENT = 0.240000
DRAG_COEFFICIENT = 0.350000
FRONT_WEIGHT_BIAS = 53.250000
RENDER_MOTION = 0.500000
RIDE_HEIGHT = [ 8.000000, 8.000000 ]
ROLL_CENTER = 9.000000
SHOCK_BLOWOUT = 5.000000
SHOCK_DIGRESSION = [ 0.100000, 0.100000 ]
SHOCK_EXT_STIFFNESS = [ 65.000000, 65.000000 ]
SHOCK_STIFFNESS = [ 60.000000, 55.000000 ]
SHOCK_VALVING = [ 20.000000, 20.000000 ]
SPRING_PROGRESSION = [ 7.000000, 7.000000 ]
SPRING_STIFFNESS = [ 500.000000, 500.000000 ]
SWAYBAR_STIFFNESS = [ 350.000000, 275.000000 ]
TRAVEL = [ 6.500000, 6.500000 ]

[tires]
DYNAMIC_GRIP = [ 1.850000, 1.900000 ]
GRIP_SCALE = [ 1.050000, 1.100000 ]
STATIC_GRIP = [ 2.100000, 2.100000 ]
STEERING = 1.000000
YAW_CONTROL = [ 0.100000, 0.600000, 0.800000, 1.250000 ]
YAW_SPEED = 0.350000

[transmission]
DIFFERENTIAL = [ 0.700000, 0.700000, 0.000000 ]
TORQUE_SPLIT = 1.000000

[pvehicle]
TENSOR_SCALE = [ 1.000000, 2.000000, 1.000000 ]