[brakes]
BRAKE_LOCK = [ 1.000000, 3.500000 ]
BRAKES = [ 325.000000, 475.000000 ]
EBRAKE = 700.000000

[chassis]
AERO_CG = 48.000000
AERO_COEFFICIENT = 0.255000
DRAG_COEFFICIENT = 0.400000
FRONT_WEIGHT_BIAS = 53.200001
RENDER_MOTION = 0.500000
RIDE_HEIGHT = [ 8.850000, 8.850000 ]
ROLL_CENTER = 9.450000
SHOCK_BLOWOUT = 6.000000
SHOCK_DIGRESSION = [ 0.350000, 0.350000 ]
SHOCK_EXT_STIFFNESS = [ 85.000000, 85.000000 ]
SHOCK_STIFFNESS = [ 70.000000, 70.000000 ]
SHOCK_VALVING = [ 24.000000, 24.000000 ]
SPRING_PROGRESSION = [ 7.000000, 6.000000 ]
SPRING_STIFFNESS = [ 600.000000, 575.000000 ]
SWAYBAR_STIFFNESS = [ 400.000000, 375.000000 ]
TRAVEL = [ 6.000000, 6.000000 ]

[tires]
DYNAMIC_GRIP = [ 1.600000, 1.600000 ]
GRIP_SCALE = [ 1.000000, 1.050000 ]
STATIC_GRIP = [ 1.800000, 1.850000 ]
STEERING = 1.000000
YAW_CONTROL = [ 0.100000, 0.500000, 0.800000, 1.000000 ]
YAW_SPEED = 0.400000

[transmission]
DIFFERENTIAL = [ 0.700000, 0.700000, 0.000000 ]
TORQUE_SPLIT = 1.000000

[pvehicle]
TENSOR_SCALE = [ 1.000000, 2.000000, 1.000000 ]